510510 , 33 , 6
570570 , 49 , 6
746130 , 57 , 6
881790 , 61 , 6
1385670 , 63 , 6
1939938 , 64 , 6
3233230 , 64 , 6
4849845 , 64 , 6
690690 , 81 , 6
903210 , 89 , 6
1067430 , 93 , 6
1677390 , 95 , 6
2348346 , 96 , 6
3913910 , 96 , 6
5870865 , 96 , 6
1009470 , 105 , 6
1193010 , 109 , 6
1874730 , 111 , 6
2624622 , 112 , 6
4374370 , 112 , 6
6561555 , 112 , 6
1560090 , 117 , 6
2451570 , 119 , 6
3432198 , 120 , 6
5720330 , 120 , 6
8580495 , 120 , 6
2897310 , 123 , 6
4056234 , 124 , 6
6760390 , 124 , 6
10140585 , 124 , 6
6374082 , 126 , 6
10623470 , 126 , 6
15935205 , 126 , 6
14872858 , 127 , 6
22309287 , 127 , 6
37182145 , 127 , 6
870870 , 145 , 6
1138830 , 153 , 6
1345890 , 157 , 6
2114970 , 159 , 6
2960958 , 160 , 6
4934930 , 160 , 6
7402395 , 160 , 6
1272810 , 169 , 6
1504230 , 173 , 6
2363790 , 175 , 6
3309306 , 176 , 6
5515510 , 176 , 6
8273265 , 176 , 6
1967070 , 181 , 6
3091110 , 183 , 6
4327554 , 184 , 6
7212590 , 184 , 6
10818885 , 184 , 6
3653130 , 187 , 6
5114382 , 188 , 6
8523970 , 188 , 6
12785955 , 188 , 6
8036886 , 190 , 6
13394810 , 190 , 6
20092215 , 190 , 6
18752734 , 191 , 6
28129101 , 191 , 6
46881835 , 191 , 6
1540770 , 201 , 6
1820910 , 205 , 6
2861430 , 207 , 6
4006002 , 208 , 6
6676670 , 208 , 6
10015005 , 208 , 6
2381190 , 213 , 6
3741870 , 215 , 6
5238618 , 216 , 6
8731030 , 216 , 6
13096545 , 216 , 6
4422210 , 219 , 6
6191094 , 220 , 6
10318490 , 220 , 6
15477735 , 220 , 6
9728862 , 222 , 6
16214770 , 222 , 6
24322155 , 222 , 6
22700678 , 223 , 6
34051017 , 223 , 6
56751695 , 223 , 6
2661330 , 229 , 6
4182090 , 231 , 6
5854926 , 232 , 6
9758210 , 232 , 6
14637315 , 232 , 6
4942470 , 235 , 6
6919458 , 236 , 6
11532430 , 236 , 6
17298645 , 236 , 6
10873434 , 238 , 6
18122390 , 238 , 6
27183585 , 238 , 6
25371346 , 239 , 6
38057019 , 239 , 6
63428365 , 239 , 6
6463230 , 243 , 6
9048522 , 244 , 6
15080870 , 244 , 6
22621305 , 244 , 6
14219106 , 246 , 6
23698510 , 246 , 6
35547765 , 246 , 6
33177914 , 247 , 6
49766871 , 247 , 6
82944785 , 247 , 6
16804398 , 250 , 6
28007330 , 250 , 6
42010995 , 250 , 6
39210262 , 251 , 6
58815393 , 251 , 6
98025655 , 251 , 6
61616126 , 253 , 6
92424189 , 253 , 6
154040315 , 253 , 6
215656441 , 254 , 6
930930 , 273 , 6
1217370 , 281 , 6
1438710 , 285 , 6
2260830 , 287 , 6
3165162 , 288 , 6
5275270 , 288 , 6
7912905 , 288 , 6
1360590 , 297 , 6
1607970 , 301 , 6
2526810 , 303 , 6
3537534 , 304 , 6
5895890 , 304 , 6
8843835 , 304 , 6
2102730 , 309 , 6
3304290 , 311 , 6
4626006 , 312 , 6
7710010 , 312 , 6
11565015 , 312 , 6
3905070 , 315 , 6
5467098 , 316 , 6
9111830 , 316 , 6
13667745 , 316 , 6
8591154 , 318 , 6
14318590 , 318 , 6
21477885 , 318 , 6
20046026 , 319 , 6
30069039 , 319 , 6
50115065 , 319 , 6
1647030 , 329 , 6
1946490 , 333 , 6
3058770 , 335 , 6
4282278 , 336 , 6
7137130 , 336 , 6
10705695 , 336 , 6
2545410 , 341 , 6
3999930 , 343 , 6
5599902 , 344 , 6
9333170 , 344 , 6
13999755 , 344 , 6
4727190 , 347 , 6
6618066 , 348 , 6
11030110 , 348 , 6
16545165 , 348 , 6
10399818 , 350 , 6
17333030 , 350 , 6
25999545 , 350 , 6
24266242 , 351 , 6
36399363 , 351 , 6
60665605 , 351 , 6
2844870 , 357 , 6
4470510 , 359 , 6
6258714 , 360 , 6
10431190 , 360 , 6
15646785 , 360 , 6
5283330 , 363 , 6
7396662 , 364 , 6
12327770 , 364 , 6
18491655 , 364 , 6
11623326 , 366 , 6
19372210 , 366 , 6
29058315 , 366 , 6
27121094 , 367 , 6
40681641 , 367 , 6
67802735 , 367 , 6
6908970 , 371 , 6
9672558 , 372 , 6
16120930 , 372 , 6
24181395 , 372 , 6
15199734 , 374 , 6
25332890 , 374 , 6
37999335 , 374 , 6
35466046 , 375 , 6
53199069 , 375 , 6
88665115 , 375 , 6
17963322 , 378 , 6
29938870 , 378 , 6
44908305 , 378 , 6
41914418 , 379 , 6
62871627 , 379 , 6
104786045 , 379 , 6
65865514 , 381 , 6
98798271 , 381 , 6
164663785 , 381 , 6
230529299 , 382 , 6
2076690 , 393 , 6
2454270 , 397 , 6
3856710 , 399 , 6
5399394 , 400 , 6
8998990 , 400 , 6
13498485 , 400 , 6
3209430 , 405 , 6
5043390 , 407 , 6
7060746 , 408 , 6
11767910 , 408 , 6
17651865 , 408 , 6
5960370 , 411 , 6
8344518 , 412 , 6
13907530 , 412 , 6
20861295 , 412 , 6
13112814 , 414 , 6
21854690 , 414 , 6
32782035 , 414 , 6
30596566 , 415 , 6
45894849 , 415 , 6
76491415 , 415 , 6
3587010 , 421 , 6
5636730 , 423 , 6
7891422 , 424 , 6
13152370 , 424 , 6
19728555 , 424 , 6
6661590 , 427 , 6
9326226 , 428 , 6
15543710 , 428 , 6
23315565 , 428 , 6
14655498 , 430 , 6
24425830 , 430 , 6
36638745 , 430 , 6
34196162 , 431 , 6
51294243 , 431 , 6
85490405 , 431 , 6
8711310 , 435 , 6
12195834 , 436 , 6
20326390 , 436 , 6
30489585 , 436 , 6
19164882 , 438 , 6
31941470 , 438 , 6
47912205 , 438 , 6
44718058 , 439 , 6
67077087 , 439 , 6
111795145 , 439 , 6
22649406 , 442 , 6
37749010 , 442 , 6
56623515 , 442 , 6
52848614 , 443 , 6
79272921 , 443 , 6
132121535 , 443 , 6
83047822 , 445 , 6
124571733 , 445 , 6
207619555 , 445 , 6
290667377 , 446 , 6
4342170 , 453 , 6
6823410 , 455 , 6
9552774 , 456 , 6
15921290 , 456 , 6
23881935 , 456 , 6
8064030 , 459 , 6
11289642 , 460 , 6
18816070 , 460 , 6
28224105 , 460 , 6
17740866 , 462 , 6
29568110 , 462 , 6
44352165 , 462 , 6
41395354 , 463 , 6
62093031 , 463 , 6
103488385 , 463 , 6
10545270 , 467 , 6
14763378 , 468 , 6
24605630 , 468 , 6
36908445 , 468 , 6
23199594 , 470 , 6
38665990 , 470 , 6
57998985 , 470 , 6
54132386 , 471 , 6
81198579 , 471 , 6
135330965 , 471 , 6
27417702 , 474 , 6
45696170 , 474 , 6
68544255 , 474 , 6
63974638 , 475 , 6
95961957 , 475 , 6
159936595 , 475 , 6
100531574 , 477 , 6
150797361 , 477 , 6
251328935 , 477 , 6
351860509 , 478 , 6
11785890 , 483 , 6
16500246 , 484 , 6
27500410 , 484 , 6
41250615 , 484 , 6
25928958 , 486 , 6
43214930 , 486 , 6
64822395 , 486 , 6
60500902 , 487 , 6
90751353 , 487 , 6
151252255 , 487 , 6
30643314 , 490 , 6
51072190 , 490 , 6
76608285 , 490 , 6
71501066 , 491 , 6
107251599 , 491 , 6
178752665 , 491 , 6
112358818 , 493 , 6
168538227 , 493 , 6
280897045 , 493 , 6
393255863 , 494 , 6
40072026 , 498 , 6
66786710 , 498 , 6
100180065 , 498 , 6
93501394 , 499 , 6
140252091 , 499 , 6
233753485 , 499 , 6
146930762 , 501 , 6
220396143 , 501 , 6
367326905 , 501 , 6
514257667 , 502 , 6
173645446 , 505 , 6
260468169 , 505 , 6
434113615 , 505 , 6
607759061 , 506 , 6
955049953 , 508 , 6
1111110 , 529 , 6
1452990 , 537 , 6
1717170 , 541 , 6
2698410 , 543 , 6
3777774 , 544 , 6
6296290 , 544 , 6
9444435 , 544 , 6
1623930 , 553 , 6
1919190 , 557 , 6
3015870 , 559 , 6
4222218 , 560 , 6
7037030 , 560 , 6
10555545 , 560 , 6
2509710 , 565 , 6
3943830 , 567 , 6
5521362 , 568 , 6
9202270 , 568 , 6
13803405 , 568 , 6
4660890 , 571 , 6
6525246 , 572 , 6
10875410 , 572 , 6
16313115 , 572 , 6
10253958 , 574 , 6
17089930 , 574 , 6
25634895 , 574 , 6
23925902 , 575 , 6
35888853 , 575 , 6
59814755 , 575 , 6
1965810 , 585 , 6
2323230 , 589 , 6
3650790 , 591 , 6
5111106 , 592 , 6
8518510 , 592 , 6
12777765 , 592 , 6
3038070 , 597 , 6
4774110 , 599 , 6
6683754 , 600 , 6
11139590 , 600 , 6
16709385 , 600 , 6
5642130 , 603 , 6
7898982 , 604 , 6
13164970 , 604 , 6
19747455 , 604 , 6
12412686 , 606 , 6
20687810 , 606 , 6
31031715 , 606 , 6
28962934 , 607 , 6
43444401 , 607 , 6
72407335 , 607 , 6
3395490 , 613 , 6
5335770 , 615 , 6
7470078 , 616 , 6
12450130 , 616 , 6
18675195 , 616 , 6
6305910 , 619 , 6
8828274 , 620 , 6
14713790 , 620 , 6
22070685 , 620 , 6
13873002 , 622 , 6
23121670 , 622 , 6
34682505 , 622 , 6
32370338 , 623 , 6
48555507 , 623 , 6
80925845 , 623 , 6
8246190 , 627 , 6
11544666 , 628 , 6
19241110 , 628 , 6
28861665 , 628 , 6
18141618 , 630 , 6
30236030 , 630 , 6
45354045 , 630 , 6
42330442 , 631 , 6
63495663 , 631 , 6
105826105 , 631 , 6
21440094 , 634 , 6
35733490 , 634 , 6
53600235 , 634 , 6
50026886 , 635 , 6
75040329 , 635 , 6
125067215 , 635 , 6
78613678 , 637 , 6
117920517 , 637 , 6
196534195 , 637 , 6
275147873 , 638 , 6
2478630 , 649 , 6
2929290 , 653 , 6
4603170 , 655 , 6
6444438 , 656 , 6
10740730 , 656 , 6
16111095 , 656 , 6
3830610 , 661 , 6
6019530 , 663 , 6
8427342 , 664 , 6
14045570 , 664 , 6
21068355 , 664 , 6
7113990 , 667 , 6
9959586 , 668 , 6
16599310 , 668 , 6
24898965 , 668 , 6
15650778 , 670 , 6
26084630 , 670 , 6
39126945 , 670 , 6
36518482 , 671 , 6
54777723 , 671 , 6
91296205 , 671 , 6
4281270 , 677 , 6
6727710 , 679 , 6
9418794 , 680 , 6
15697990 , 680 , 6
23546985 , 680 , 6
7950930 , 683 , 6
11131302 , 684 , 6
18552170 , 684 , 6
27828255 , 684 , 6
17492046 , 686 , 6
29153410 , 686 , 6
43730115 , 686 , 6
40814774 , 687 , 6
61222161 , 687 , 6
102036935 , 687 , 6
10397370 , 691 , 6
14556318 , 692 , 6
24260530 , 692 , 6
36390795 , 692 , 6
22874214 , 694 , 6
38123690 , 694 , 6
57185535 , 694 , 6
53373166 , 695 , 6
80059749 , 695 , 6
133432915 , 695 , 6
27033162 , 698 , 6
45055270 , 698 , 6
67582905 , 698 , 6
63077378 , 699 , 6
94616067 , 699 , 6
157693445 , 699 , 6
99121594 , 701 , 6
148682391 , 701 , 6
247803985 , 701 , 6
346925579 , 702 , 6
5182590 , 709 , 6
8144070 , 711 , 6
11401698 , 712 , 6
19002830 , 712 , 6
28504245 , 712 , 6
9624810 , 715 , 6
13474734 , 716 , 6
22457890 , 716 , 6
33686835 , 716 , 6
21174582 , 718 , 6
35290970 , 718 , 6
52936455 , 718 , 6
49407358 , 719 , 6
74111037 , 719 , 6
123518395 , 719 , 6
12586290 , 723 , 6
17620806 , 724 , 6
29368010 , 724 , 6
44052015 , 724 , 6
27689838 , 726 , 6
46149730 , 726 , 6
69224595 , 726 , 6
64609622 , 727 , 6
96914433 , 727 , 6
161524055 , 727 , 6
32724354 , 730 , 6
54540590 , 730 , 6
81810885 , 730 , 6
76356826 , 731 , 6
114535239 , 731 , 6
190892065 , 731 , 6
119989298 , 733 , 6
179983947 , 733 , 6
299973245 , 733 , 6
419962543 , 734 , 6
14067030 , 739 , 6
19693842 , 740 , 6
32823070 , 740 , 6
49234605 , 740 , 6
30947466 , 742 , 6
51579110 , 742 , 6
77368665 , 742 , 6
72210754 , 743 , 6
108316131 , 743 , 6
180526885 , 743 , 6
36574278 , 746 , 6
60957130 , 746 , 6
91435695 , 746 , 6
85339982 , 747 , 6
128009973 , 747 , 6
213349955 , 747 , 6
134105686 , 749 , 6
201158529 , 749 , 6
335264215 , 749 , 6
469369901 , 750 , 6
47827902 , 754 , 6
79713170 , 754 , 6
119569755 , 754 , 6
111598438 , 755 , 6
167397657 , 755 , 6
278996095 , 755 , 6
175368974 , 757 , 6
263053461 , 757 , 6
438422435 , 757 , 6
613791409 , 758 , 6
207254242 , 761 , 6
310881363 , 761 , 6
518135605 , 761 , 6
725389847 , 762 , 6
1139898331 , 764 , 6
2649570 , 777 , 6
3131310 , 781 , 6
4920630 , 783 , 6
6888882 , 784 , 6
11481470 , 784 , 6
17222205 , 784 , 6
4094790 , 789 , 6
6434670 , 791 , 6
9008538 , 792 , 6
15014230 , 792 , 6
22521345 , 792 , 6
7604610 , 795 , 6
10646454 , 796 , 6
17744090 , 796 , 6
26616135 , 796 , 6
16730142 , 798 , 6
27883570 , 798 , 6
41825355 , 798 , 6
39036998 , 799 , 6
58555497 , 799 , 6
97592495 , 799 , 6
4576530 , 805 , 6
7191690 , 807 , 6
10068366 , 808 , 6
16780610 , 808 , 6
25170915 , 808 , 6
8499270 , 811 , 6
11898978 , 812 , 6
19831630 , 812 , 6
29747445 , 812 , 6
18698394 , 814 , 6
31163990 , 814 , 6
46745985 , 814 , 6
43629586 , 815 , 6
65444379 , 815 , 6
109073965 , 815 , 6
11114430 , 819 , 6
15560202 , 820 , 6
25933670 , 820 , 6
38900505 , 820 , 6
24451746 , 822 , 6
40752910 , 822 , 6
61129365 , 822 , 6
57054074 , 823 , 6
85581111 , 823 , 6
142635185 , 823 , 6
28897518 , 826 , 6
48162530 , 826 , 6
72243795 , 826 , 6
67427542 , 827 , 6
101141313 , 827 , 6
168568855 , 827 , 6
105957566 , 829 , 6
158936349 , 829 , 6
264893915 , 829 , 6
370851481 , 830 , 6
5540010 , 837 , 6
8705730 , 839 , 6
12188022 , 840 , 6
20313370 , 840 , 6
30470055 , 840 , 6
10288590 , 843 , 6
14404026 , 844 , 6
24006710 , 844 , 6
36010065 , 844 , 6
22634898 , 846 , 6
37724830 , 846 , 6
56587245 , 846 , 6
52814762 , 847 , 6
79222143 , 847 , 6
132036905 , 847 , 6
13454310 , 851 , 6
18836034 , 852 , 6
31393390 , 852 , 6
47090085 , 852 , 6
29599482 , 854 , 6
49332470 , 854 , 6
73998705 , 854 , 6
69065458 , 855 , 6
103598187 , 855 , 6
172663645 , 855 , 6
34981206 , 858 , 6
58302010 , 858 , 6
87453015 , 858 , 6
81622814 , 859 , 6
122434221 , 859 , 6
204057035 , 859 , 6
128264422 , 861 , 6
192396633 , 861 , 6
320661055 , 861 , 6
448925477 , 862 , 6
15037170 , 867 , 6
21052038 , 868 , 6
35086730 , 868 , 6
52630095 , 868 , 6
33081774 , 870 , 6
55136290 , 870 , 6
82704435 , 870 , 6
77190806 , 871 , 6
115786209 , 871 , 6
192977015 , 871 , 6
39096642 , 874 , 6
65161070 , 874 , 6
97741605 , 874 , 6
91225498 , 875 , 6
136838247 , 875 , 6
228063745 , 875 , 6
143354354 , 877 , 6
215031531 , 877 , 6
358385885 , 877 , 6
501740239 , 878 , 6
51126378 , 882 , 6
85210630 , 882 , 6
127815945 , 882 , 6
119294882 , 883 , 6
178942323 , 883 , 6
298237205 , 883 , 6
187463386 , 885 , 6
281195079 , 885 , 6
468658465 , 885 , 6
656121851 , 886 , 6
221547638 , 889 , 6
332321457 , 889 , 6
553869095 , 889 , 6
775416733 , 890 , 6
1218512009 , 892 , 6
6985230 , 901 , 6
10976790 , 903 , 6
15367506 , 904 , 6
25612510 , 904 , 6
38418765 , 904 , 6
12972570 , 907 , 6
18161598 , 908 , 6
30269330 , 908 , 6
45403995 , 908 , 6
28539654 , 910 , 6
47566090 , 910 , 6
71349135 , 910 , 6
66592526 , 911 , 6
99888789 , 911 , 6
166481315 , 911 , 6
16964130 , 915 , 6
23749782 , 916 , 6
39582970 , 916 , 6
59374455 , 916 , 6
37321086 , 918 , 6
62201810 , 918 , 6
93302715 , 918 , 6
87082534 , 919 , 6
130623801 , 919 , 6
217706335 , 919 , 6
44106738 , 922 , 6
73511230 , 922 , 6
110266845 , 922 , 6
102915722 , 923 , 6
154373583 , 923 , 6
257289305 , 923 , 6
161724706 , 925 , 6
242587059 , 925 , 6
404311765 , 925 , 6
566036471 , 926 , 6
18959910 , 931 , 6
26543874 , 932 , 6
44239790 , 932 , 6
66359685 , 932 , 6
41711802 , 934 , 6
69519670 , 934 , 6
104279505 , 934 , 6
97327538 , 935 , 6
145991307 , 935 , 6
243318845 , 935 , 6
49295766 , 938 , 6
82159610 , 938 , 6
123239415 , 938 , 6
115023454 , 939 , 6
172535181 , 939 , 6
287558635 , 939 , 6
180751142 , 941 , 6
271126713 , 941 , 6
451877855 , 941 , 6
632628997 , 942 , 6
64463694 , 946 , 6
107439490 , 946 , 6
161159235 , 946 , 6
150415286 , 947 , 6
225622929 , 947 , 6
376038215 , 947 , 6
236366878 , 949 , 6
354550317 , 949 , 6
590917195 , 949 , 6
827284073 , 950 , 6
279342674 , 953 , 6
419014011 , 953 , 6
698356685 , 953 , 6
977699359 , 954 , 6
1536384707 , 956 , 6
22951470 , 963 , 6
32132058 , 964 , 6
53553430 , 964 , 6
80330145 , 964 , 6
50493234 , 966 , 6
84155390 , 966 , 6
126233085 , 966 , 6
117817546 , 967 , 6
176726319 , 967 , 6
294543865 , 967 , 6
59673822 , 970 , 6
99456370 , 970 , 6
149184555 , 970 , 6
139238918 , 971 , 6
208858377 , 971 , 6
348097295 , 971 , 6
218804014 , 973 , 6
328206021 , 973 , 6
547010035 , 973 , 6
765814049 , 974 , 6
78034998 , 978 , 6
130058330 , 978 , 6
195087495 , 978 , 6
182081662 , 979 , 6
273122493 , 979 , 6
455204155 , 979 , 6
286128326 , 981 , 6
429192489 , 981 , 6
715320815 , 981 , 6
1001449141 , 982 , 6
338151658 , 985 , 6
507227487 , 985 , 6
845379145 , 985 , 6
1183530803 , 986 , 6
1859834119 , 988 , 6
87215586 , 994 , 6
145359310 , 994 , 6
218038965 , 994 , 6
203503034 , 995 , 6
305254551 , 995 , 6
508757585 , 995 , 6
319790482 , 997 , 6
479685723 , 997 , 6
799476205 , 997 , 6
1119266687 , 998 , 6
377934206 , 1001 , 6
566901309 , 1001 , 6
944835515 , 1001 , 6
1322769721 , 1002 , 6
2078638133 , 1004 , 6
494221654 , 1009 , 6
741332481 , 1009 , 6
1235554135 , 1009 , 6
1729775789 , 1010 , 6
2718219097 , 1012 , 6
3212440751 , 1016 , 6
1231230 , 1041 , 6
1610070 , 1049 , 6
1902810 , 1053 , 6
2990130 , 1055 , 6
4186182 , 1056 , 6
6976970 , 1056 , 6
10465455 , 1056 , 6
1799490 , 1065 , 6
2126670 , 1069 , 6
3341910 , 1071 , 6
4678674 , 1072 , 6
7797790 , 1072 , 6
11696685 , 1072 , 6
2781030 , 1077 , 6
4370190 , 1079 , 6
6118266 , 1080 , 6
10197110 , 1080 , 6
15295665 , 1080 , 6
5164770 , 1083 , 6
7230678 , 1084 , 6
12051130 , 1084 , 6
18076695 , 1084 , 6
11362494 , 1086 , 6
18937490 , 1086 , 6
28406235 , 1086 , 6
26512486 , 1087 , 6
39768729 , 1087 , 6
66281215 , 1087 , 6
2178330 , 1097 , 6
2574390 , 1101 , 6
4045470 , 1103 , 6
5663658 , 1104 , 6
9439430 , 1104 , 6
14159145 , 1104 , 6
3366510 , 1109 , 6
5290230 , 1111 , 6
7406322 , 1112 , 6
12343870 , 1112 , 6
18515805 , 1112 , 6
6252090 , 1115 , 6
8752926 , 1116 , 6
14588210 , 1116 , 6
21882315 , 1116 , 6
13754598 , 1118 , 6
22924330 , 1118 , 6
34386495 , 1118 , 6
32094062 , 1119 , 6
48141093 , 1119 , 6
80235155 , 1119 , 6
3762570 , 1125 , 6
5912610 , 1127 , 6
8277654 , 1128 , 6
13796090 , 1128 , 6
20694135 , 1128 , 6
6987630 , 1131 , 6
9782682 , 1132 , 6
16304470 , 1132 , 6
24456705 , 1132 , 6
15372786 , 1134 , 6
25621310 , 1134 , 6
38431965 , 1134 , 6
35869834 , 1135 , 6
53804751 , 1135 , 6
89674585 , 1135 , 6
9137670 , 1139 , 6
12792738 , 1140 , 6
21321230 , 1140 , 6
31981845 , 1140 , 6
20102874 , 1142 , 6
33504790 , 1142 , 6
50257185 , 1142 , 6
46906706 , 1143 , 6
70360059 , 1143 , 6
117266765 , 1143 , 6
23757942 , 1146 , 6
39596570 , 1146 , 6
59394855 , 1146 , 6
55435198 , 1147 , 6
83152797 , 1147 , 6
138587995 , 1147 , 6
87112454 , 1149 , 6
130668681 , 1149 , 6
217781135 , 1149 , 6
304893589 , 1150 , 6
2746590 , 1161 , 6
3245970 , 1165 , 6
5100810 , 1167 , 6
7141134 , 1168 , 6
11901890 , 1168 , 6
17852835 , 1168 , 6
4244730 , 1173 , 6
6670290 , 1175 , 6
9338406 , 1176 , 6
15564010 , 1176 , 6
23346015 , 1176 , 6
7883070 , 1179 , 6
11036298 , 1180 , 6
18393830 , 1180 , 6
27590745 , 1180 , 6
17342754 , 1182 , 6
28904590 , 1182 , 6
43356885 , 1182 , 6
40466426 , 1183 , 6
60699639 , 1183 , 6
101166065 , 1183 , 6
4744110 , 1189 , 6
7455030 , 1191 , 6
10437042 , 1192 , 6
17395070 , 1192 , 6
26092605 , 1192 , 6
8810490 , 1195 , 6
12334686 , 1196 , 6
20557810 , 1196 , 6
30836715 , 1196 , 6
19383078 , 1198 , 6
32305130 , 1198 , 6
48457695 , 1198 , 6
45227182 , 1199 , 6
67840773 , 1199 , 6
113067955 , 1199 , 6
11521410 , 1203 , 6
16129974 , 1204 , 6
26883290 , 1204 , 6
40324935 , 1204 , 6
25347102 , 1206 , 6
42245170 , 1206 , 6
63367755 , 1206 , 6
59143238 , 1207 , 6
88714857 , 1207 , 6
147858095 , 1207 , 6
29955666 , 1210 , 6
49926110 , 1210 , 6
74889165 , 1210 , 6
69896554 , 1211 , 6
104844831 , 1211 , 6
174741385 , 1211 , 6
109837442 , 1213 , 6
164756163 , 1213 , 6
274593605 , 1213 , 6
384431047 , 1214 , 6
5742870 , 1221 , 6
9024510 , 1223 , 6
12634314 , 1224 , 6
21057190 , 1224 , 6
31585785 , 1224 , 6
10665330 , 1227 , 6
14931462 , 1228 , 6
24885770 , 1228 , 6
37328655 , 1228 , 6
23463726 , 1230 , 6
39106210 , 1230 , 6
58659315 , 1230 , 6
54748694 , 1231 , 6
82123041 , 1231 , 6
136871735 , 1231 , 6
13946970 , 1235 , 6
19525758 , 1236 , 6
32542930 , 1236 , 6
48814395 , 1236 , 6
30683334 , 1238 , 6
51138890 , 1238 , 6
76708335 , 1238 , 6
71594446 , 1239 , 6
107391669 , 1239 , 6
178986115 , 1239 , 6
36262122 , 1242 , 6
60436870 , 1242 , 6
90655305 , 1242 , 6
84611618 , 1243 , 6
126917427 , 1243 , 6
211529045 , 1243 , 6
132961114 , 1245 , 6
199441671 , 1245 , 6
332402785 , 1245 , 6
465363899 , 1246 , 6
15587790 , 1251 , 6
21822906 , 1252 , 6
36371510 , 1252 , 6
54557265 , 1252 , 6
34293138 , 1254 , 6
57155230 , 1254 , 6
85732845 , 1254 , 6
80017322 , 1255 , 6
120025983 , 1255 , 6
200043305 , 1255 , 6
40528254 , 1258 , 6
67547090 , 1258 , 6
101320635 , 1258 , 6
94565926 , 1259 , 6
141848889 , 1259 , 6
236414815 , 1259 , 6
148603598 , 1261 , 6
222905397 , 1261 , 6
371508995 , 1261 , 6
520112593 , 1262 , 6
52998486 , 1266 , 6
88330810 , 1266 , 6
132496215 , 1266 , 6
123663134 , 1267 , 6
185494701 , 1267 , 6
309157835 , 1267 , 6
194327782 , 1269 , 6
291491673 , 1269 , 6
485819455 , 1269 , 6
680147237 , 1270 , 6
229660106 , 1273 , 6
344490159 , 1273 , 6
574150265 , 1273 , 6
803810371 , 1274 , 6
1263130583 , 1276 , 6
2936010 , 1289 , 6
3469830 , 1293 , 6
5452590 , 1295 , 6
7633626 , 1296 , 6
12722710 , 1296 , 6
19084065 , 1296 , 6
4537470 , 1301 , 6
7130310 , 1303 , 6
9982434 , 1304 , 6
16637390 , 1304 , 6
24956085 , 1304 , 6
8426730 , 1307 , 6
11797422 , 1308 , 6
19662370 , 1308 , 6
29493555 , 1308 , 6
18538806 , 1310 , 6
30898010 , 1310 , 6
46347015 , 1310 , 6
43257214 , 1311 , 6
64885821 , 1311 , 6
108143035 , 1311 , 6
5071290 , 1317 , 6
7969170 , 1319 , 6
11156838 , 1320 , 6
18594730 , 1320 , 6
27892095 , 1320 , 6
9418110 , 1323 , 6
13185354 , 1324 , 6
21975590 , 1324 , 6
32963385 , 1324 , 6
20719842 , 1326 , 6
34533070 , 1326 , 6
51799605 , 1326 , 6
48346298 , 1327 , 6
72519447 , 1327 , 6
120865745 , 1327 , 6
12315990 , 1331 , 6
17242386 , 1332 , 6
28737310 , 1332 , 6
43105965 , 1332 , 6
27095178 , 1334 , 6
45158630 , 1334 , 6
67737945 , 1334 , 6
63222082 , 1335 , 6
94833123 , 1335 , 6
158055205 , 1335 , 6
32021574 , 1338 , 6
53369290 , 1338 , 6
80053935 , 1338 , 6
74717006 , 1339 , 6
112075509 , 1339 , 6
186792515 , 1339 , 6
117412438 , 1341 , 6
176118657 , 1341 , 6
293531095 , 1341 , 6
410943533 , 1342 , 6
6138930 , 1349 , 6
9646890 , 1351 , 6
13505646 , 1352 , 6
22509410 , 1352 , 6
33764115 , 1352 , 6
11400870 , 1355 , 6
15961218 , 1356 , 6
26602030 , 1356 , 6
39903045 , 1356 , 6
25081914 , 1358 , 6
41803190 , 1358 , 6
62704785 , 1358 , 6
58524466 , 1359 , 6
87786699 , 1359 , 6
146311165 , 1359 , 6
14908830 , 1363 , 6
20872362 , 1364 , 6
34787270 , 1364 , 6
52180905 , 1364 , 6
32799426 , 1366 , 6
54665710 , 1366 , 6
81998565 , 1366 , 6
76531994 , 1367 , 6
114797991 , 1367 , 6
191329985 , 1367 , 6
38762958 , 1370 , 6
64604930 , 1370 , 6
96907395 , 1370 , 6
90446902 , 1371 , 6
135670353 , 1371 , 6
226117255 , 1371 , 6
142130846 , 1373 , 6
213196269 , 1373 , 6
355327115 , 1373 , 6
497457961 , 1374 , 6
16662810 , 1379 , 6
23327934 , 1380 , 6
38879890 , 1380 , 6
58319835 , 1380 , 6
36658182 , 1382 , 6
61096970 , 1382 , 6
91645455 , 1382 , 6
85535758 , 1383 , 6
128303637 , 1383 , 6
213839395 , 1383 , 6
43323306 , 1386 , 6
72205510 , 1386 , 6
108308265 , 1386 , 6
101087714 , 1387 , 6
151631571 , 1387 , 6
252719285 , 1387 , 6
158852122 , 1389 , 6
238278183 , 1389 , 6
397130305 , 1389 , 6
555982427 , 1390 , 6
56653554 , 1394 , 6
94422590 , 1394 , 6
141633885 , 1394 , 6
132191626 , 1395 , 6
198287439 , 1395 , 6
330479065 , 1395 , 6
207729698 , 1397 , 6
311594547 , 1397 , 6
519324245 , 1397 , 6
727053943 , 1398 , 6
245498734 , 1401 , 6
368248101 , 1401 , 6
613746835 , 1401 , 6
859245569 , 1402 , 6
1350243037 , 1404 , 6
7740390 , 1413 , 6
12163470 , 1415 , 6
17028858 , 1416 , 6
28381430 , 1416 , 6
42572145 , 1416 , 6
14375010 , 1419 , 6
20125014 , 1420 , 6
33541690 , 1420 , 6
50312535 , 1420 , 6
31625022 , 1422 , 6
52708370 , 1422 , 6
79062555 , 1422 , 6
73791718 , 1423 , 6
110687577 , 1423 , 6
184479295 , 1423 , 6
18798090 , 1427 , 6
26317326 , 1428 , 6
43862210 , 1428 , 6
65793315 , 1428 , 6
41355798 , 1430 , 6
68926330 , 1430 , 6
103389495 , 1430 , 6
96496862 , 1431 , 6
144745293 , 1431 , 6
241242155 , 1431 , 6
48875034 , 1434 , 6
81458390 , 1434 , 6
122187585 , 1434 , 6
114041746 , 1435 , 6
171062619 , 1435 , 6
285104365 , 1435 , 6
179208458 , 1437 , 6
268812687 , 1437 , 6
448021145 , 1437 , 6
627229603 , 1438 , 6
21009630 , 1443 , 6
29413482 , 1444 , 6
49022470 , 1444 , 6
73533705 , 1444 , 6
46221186 , 1446 , 6
77035310 , 1446 , 6
115552965 , 1446 , 6
107849434 , 1447 , 6
161774151 , 1447 , 6
269623585 , 1447 , 6
54625038 , 1450 , 6
91041730 , 1450 , 6
136562595 , 1450 , 6
127458422 , 1451 , 6
191187633 , 1451 , 6
318646055 , 1451 , 6
200291806 , 1453 , 6
300437709 , 1453 , 6
500729515 , 1453 , 6
701021321 , 1454 , 6
71432742 , 1458 , 6
119054570 , 1458 , 6
178581855 , 1458 , 6
166676398 , 1459 , 6
250014597 , 1459 , 6
416690995 , 1459 , 6
261920054 , 1461 , 6
392880081 , 1461 , 6
654800135 , 1461 , 6
916720189 , 1462 , 6
309541882 , 1465 , 6
464312823 , 1465 , 6
773854705 , 1465 , 6
1083396587 , 1466 , 6
1702480351 , 1468 , 6
25432710 , 1475 , 6
35605794 , 1476 , 6
59342990 , 1476 , 6
89014485 , 1476 , 6
55951962 , 1478 , 6
93253270 , 1478 , 6
139879905 , 1478 , 6
130554578 , 1479 , 6
195831867 , 1479 , 6
326386445 , 1479 , 6
66125046 , 1482 , 6
110208410 , 1482 , 6
165312615 , 1482 , 6
154291774 , 1483 , 6
231437661 , 1483 , 6
385729435 , 1483 , 6
242458502 , 1485 , 6
363687753 , 1485 , 6
606146255 , 1485 , 6
848604757 , 1486 , 6
86471214 , 1490 , 6
144118690 , 1490 , 6
216178035 , 1490 , 6
201766166 , 1491 , 6
302649249 , 1491 , 6
504415415 , 1491 , 6
317061118 , 1493 , 6
475591677 , 1493 , 6
792652795 , 1493 , 6
1109713913 , 1494 , 6
374708594 , 1497 , 6
562062891 , 1497 , 6
936771485 , 1497 , 6
1311480079 , 1498 , 6
2060897267 , 1500 , 6
96644298 , 1506 , 6
161073830 , 1506 , 6
241610745 , 1506 , 6
225503362 , 1507 , 6
338255043 , 1507 , 6
563758405 , 1507 , 6
354362426 , 1509 , 6
531543639 , 1509 , 6
885906065 , 1509 , 6
1240268491 , 1510 , 6
418791958 , 1513 , 6
628187937 , 1513 , 6
1046979895 , 1513 , 6
1465771853 , 1514 , 6
2303355769 , 1516 , 6
547651022 , 1521 , 6
821476533 , 1521 , 6
1369127555 , 1521 , 6
1916778577 , 1522 , 6
3012080621 , 1524 , 6
3559731643 , 1528 , 6
3504270 , 1545 , 6
4141410 , 1549 , 6
6507930 , 1551 , 6
9111102 , 1552 , 6
15185170 , 1552 , 6
22777755 , 1552 , 6
5415690 , 1557 , 6
8510370 , 1559 , 6
11914518 , 1560 , 6
19857530 , 1560 , 6
29786295 , 1560 , 6
10057710 , 1563 , 6
14080794 , 1564 , 6
23467990 , 1564 , 6
35201985 , 1564 , 6
22126962 , 1566 , 6
36878270 , 1566 , 6
55317405 , 1566 , 6
51629578 , 1567 , 6
77444367 , 1567 , 6
129073945 , 1567 , 6
6052830 , 1573 , 6
9511590 , 1575 , 6
13316226 , 1576 , 6
22193710 , 1576 , 6
33290565 , 1576 , 6
11240970 , 1579 , 6
15737358 , 1580 , 6
26228930 , 1580 , 6
39343395 , 1580 , 6
24730134 , 1582 , 6
41216890 , 1582 , 6
61825335 , 1582 , 6
57703646 , 1583 , 6
86555469 , 1583 , 6
144259115 , 1583 , 6
14699730 , 1587 , 6
20579622 , 1588 , 6
34299370 , 1588 , 6
51449055 , 1588 , 6
32339406 , 1590 , 6
53899010 , 1590 , 6
80848515 , 1590 , 6
75458614 , 1591 , 6
113187921 , 1591 , 6
188646535 , 1591 , 6
38219298 , 1594 , 6
63698830 , 1594 , 6
95548245 , 1594 , 6
89178362 , 1595 , 6
133767543 , 1595 , 6
222945905 , 1595 , 6
140137426 , 1597 , 6
210206139 , 1597 , 6
350343565 , 1597 , 6
490480991 , 1598 , 6
7327110 , 1605 , 6
11514030 , 1607 , 6
16119642 , 1608 , 6
26866070 , 1608 , 6
40299105 , 1608 , 6
13607490 , 1611 , 6
19050486 , 1612 , 6
31750810 , 1612 , 6
47626215 , 1612 , 6
29936478 , 1614 , 6
49894130 , 1614 , 6
74841195 , 1614 , 6
69851782 , 1615 , 6
104777673 , 1615 , 6
174629455 , 1615 , 6
17794410 , 1619 , 6
24912174 , 1620 , 6
41520290 , 1620 , 6
62280435 , 1620 , 6
39147702 , 1622 , 6
65246170 , 1622 , 6
97869255 , 1622 , 6
91344638 , 1623 , 6
137016957 , 1623 , 6
228361595 , 1623 , 6
46265466 , 1626 , 6
77109110 , 1626 , 6
115663665 , 1626 , 6
107952754 , 1627 , 6
161929131 , 1627 , 6
269881885 , 1627 , 6
169640042 , 1629 , 6
254460063 , 1629 , 6
424100105 , 1629 , 6
593740147 , 1630 , 6
19887870 , 1635 , 6
27843018 , 1636 , 6
46405030 , 1636 , 6
69607545 , 1636 , 6
43753314 , 1638 , 6
72922190 , 1638 , 6
109383285 , 1638 , 6
102091066 , 1639 , 6
153136599 , 1639 , 6
255227665 , 1639 , 6
51708462 , 1642 , 6
86180770 , 1642 , 6
129271155 , 1642 , 6
120653078 , 1643 , 6
180979617 , 1643 , 6
301632695 , 1643 , 6
189597694 , 1645 , 6
284396541 , 1645 , 6
473994235 , 1645 , 6
663591929 , 1646 , 6
67618758 , 1650 , 6
112697930 , 1650 , 6
169046895 , 1650 , 6
157777102 , 1651 , 6
236665653 , 1651 , 6
394442755 , 1651 , 6
247935446 , 1653 , 6
371903169 , 1653 , 6
619838615 , 1653 , 6
867774061 , 1654 , 6
293014618 , 1657 , 6
439521927 , 1657 , 6
732536545 , 1657 , 6
1025551163 , 1658 , 6
1611580399 , 1660 , 6
9238530 , 1669 , 6
14517690 , 1671 , 6
20324766 , 1672 , 6
33874610 , 1672 , 6
50811915 , 1672 , 6
17157270 , 1675 , 6
24020178 , 1676 , 6
40033630 , 1676 , 6
60050445 , 1676 , 6
37745994 , 1678 , 6
62909990 , 1678 , 6
94364985 , 1678 , 6
88073986 , 1679 , 6
132110979 , 1679 , 6
220184965 , 1679 , 6
22436430 , 1683 , 6
31411002 , 1684 , 6
52351670 , 1684 , 6
78527505 , 1684 , 6
49360146 , 1686 , 6
82266910 , 1686 , 6
123400365 , 1686 , 6
115173674 , 1687 , 6
172760511 , 1687 , 6
287934185 , 1687 , 6
58334718 , 1690 , 6
97224530 , 1690 , 6
145836795 , 1690 , 6
136114342 , 1691 , 6
204171513 , 1691 , 6
340285855 , 1691 , 6
213893966 , 1693 , 6
320840949 , 1693 , 6
534734915 , 1693 , 6
748628881 , 1694 , 6
25076010 , 1699 , 6
35106414 , 1700 , 6
58510690 , 1700 , 6
87766035 , 1700 , 6
55167222 , 1702 , 6
91945370 , 1702 , 6
137918055 , 1702 , 6
128723518 , 1703 , 6
193085277 , 1703 , 6
321808795 , 1703 , 6
65197626 , 1706 , 6
108662710 , 1706 , 6
162994065 , 1706 , 6
152127794 , 1707 , 6
228191691 , 1707 , 6
380319485 , 1707 , 6
239057962 , 1709 , 6
358586943 , 1709 , 6
597644905 , 1709 , 6
836702867 , 1710 , 6
85258434 , 1714 , 6
142097390 , 1714 , 6
213146085 , 1714 , 6
198936346 , 1715 , 6
298404519 , 1715 , 6
497340865 , 1715 , 6
312614258 , 1717 , 6
468921387 , 1717 , 6
781535645 , 1717 , 6
1094149903 , 1718 , 6
369453214 , 1721 , 6
554179821 , 1721 , 6
923633035 , 1721 , 6
1293086249 , 1722 , 6
2031992677 , 1724 , 6
30355170 , 1731 , 6
42497238 , 1732 , 6
70828730 , 1732 , 6
106243095 , 1732 , 6
66781374 , 1734 , 6
111302290 , 1734 , 6
166953435 , 1734 , 6
155823206 , 1735 , 6
233734809 , 1735 , 6
389558015 , 1735 , 6
78923442 , 1738 , 6
131539070 , 1738 , 6
197308605 , 1738 , 6
184154698 , 1739 , 6
276232047 , 1739 , 6
460386745 , 1739 , 6
289385954 , 1741 , 6
434078931 , 1741 , 6
723464885 , 1741 , 6
1012850839 , 1742 , 6
103207578 , 1746 , 6
172012630 , 1746 , 6
258018945 , 1746 , 6
240817682 , 1747 , 6
361226523 , 1747 , 6
602044205 , 1747 , 6
378427786 , 1749 , 6
567641679 , 1749 , 6
946069465 , 1749 , 6
1324497251 , 1750 , 6
447232838 , 1753 , 6
670849257 , 1753 , 6
1118082095 , 1753 , 6
1565314933 , 1754 , 6
2459780609 , 1756 , 6
115349646 , 1762 , 6
192249410 , 1762 , 6
288374115 , 1762 , 6
269149174 , 1763 , 6
403723761 , 1763 , 6
672872935 , 1763 , 6
422948702 , 1765 , 6
634423053 , 1765 , 6
1057371755 , 1765 , 6
1480320457 , 1766 , 6
499848466 , 1769 , 6
749772699 , 1769 , 6
1249621165 , 1769 , 6
1749469631 , 1770 , 6
2749166563 , 1772 , 6
653647994 , 1777 , 6
980471991 , 1777 , 6
1634119985 , 1777 , 6
2287767979 , 1778 , 6
3595063967 , 1780 , 6
4248711961 , 1784 , 6
9875670 , 1797 , 6
15518910 , 1799 , 6
21726474 , 1800 , 6
36210790 , 1800 , 6
54316185 , 1800 , 6
18340530 , 1803 , 6
25676742 , 1804 , 6
42794570 , 1804 , 6
64191855 , 1804 , 6
40349166 , 1806 , 6
67248610 , 1806 , 6
100872915 , 1806 , 6
94148054 , 1807 , 6
141222081 , 1807 , 6
235370135 , 1807 , 6
23983770 , 1811 , 6
33577278 , 1812 , 6
55962130 , 1812 , 6
83943195 , 1812 , 6
52764294 , 1814 , 6
87940490 , 1814 , 6
131910735 , 1814 , 6
123116686 , 1815 , 6
184675029 , 1815 , 6
307791715 , 1815 , 6
62357802 , 1818 , 6
103929670 , 1818 , 6
155894505 , 1818 , 6
145501538 , 1819 , 6
218252307 , 1819 , 6
363753845 , 1819 , 6
228645274 , 1821 , 6
342967911 , 1821 , 6
571613185 , 1821 , 6
800258459 , 1822 , 6
26805390 , 1827 , 6
37527546 , 1828 , 6
62545910 , 1828 , 6
93818865 , 1828 , 6
58971858 , 1830 , 6
98286430 , 1830 , 6
147429645 , 1830 , 6
137601002 , 1831 , 6
206401503 , 1831 , 6
344002505 , 1831 , 6
69694014 , 1834 , 6
116156690 , 1834 , 6
174235035 , 1834 , 6
162619366 , 1835 , 6
243929049 , 1835 , 6
406548415 , 1835 , 6
255544718 , 1837 , 6
383317077 , 1837 , 6
638861795 , 1837 , 6
894406513 , 1838 , 6
91138326 , 1842 , 6
151897210 , 1842 , 6
227845815 , 1842 , 6
212656094 , 1843 , 6
318984141 , 1843 , 6
531640235 , 1843 , 6
334173862 , 1845 , 6
501260793 , 1845 , 6
835434655 , 1845 , 6
1169608517 , 1846 , 6
394932746 , 1849 , 6
592399119 , 1849 , 6
987331865 , 1849 , 6
1382264611 , 1850 , 6
2172130103 , 1852 , 6
32448630 , 1859 , 6
45428082 , 1860 , 6
75713470 , 1860 , 6
113570205 , 1860 , 6
71386986 , 1862 , 6
118978310 , 1862 , 6
178467465 , 1862 , 6
166569634 , 1863 , 6
249854451 , 1863 , 6
416424085 , 1863 , 6
84366438 , 1866 , 6
140610730 , 1866 , 6
210916095 , 1866 , 6
196855022 , 1867 , 6
295282533 , 1867 , 6
492137555 , 1867 , 6
309343606 , 1869 , 6
464015409 , 1869 , 6
773359015 , 1869 , 6
1082702621 , 1870 , 6
110325342 , 1874 , 6
183875570 , 1874 , 6
275813355 , 1874 , 6
257425798 , 1875 , 6
386138697 , 1875 , 6
643564495 , 1875 , 6
404526254 , 1877 , 6
606789381 , 1877 , 6
1011315635 , 1877 , 6
1415841889 , 1878 , 6
478076482 , 1881 , 6
717114723 , 1881 , 6
1195191205 , 1881 , 6
1673267687 , 1882 , 6
2629420651 , 1884 , 6
123304794 , 1890 , 6
205507990 , 1890 , 6
308261985 , 1890 , 6
287711186 , 1891 , 6
431566779 , 1891 , 6
719277965 , 1891 , 6
452117578 , 1893 , 6
678176367 , 1893 , 6
1130293945 , 1893 , 6
1582411523 , 1894 , 6
534320774 , 1897 , 6
801481161 , 1897 , 6
1335801935 , 1897 , 6
1870122709 , 1898 , 6
2938764257 , 1900 , 6
698727166 , 1905 , 6
1048090749 , 1905 , 6
1746817915 , 1905 , 6
2445545081 , 1906 , 6
3842999413 , 1908 , 6
4541726579 , 1912 , 6
40913490 , 1923 , 6
57278886 , 1924 , 6
95464810 , 1924 , 6
143197215 , 1924 , 6
90009678 , 1926 , 6
150016130 , 1926 , 6
225024195 , 1926 , 6
210022582 , 1927 , 6
315033873 , 1927 , 6
525056455 , 1927 , 6
106375074 , 1930 , 6
177291790 , 1930 , 6
265937685 , 1930 , 6
248208506 , 1931 , 6
372312759 , 1931 , 6
620521265 , 1931 , 6
390041938 , 1933 , 6
585062907 , 1933 , 6
975104845 , 1933 , 6
1365146783 , 1934 , 6
139105866 , 1938 , 6
231843110 , 1938 , 6
347764665 , 1938 , 6
324580354 , 1939 , 6
486870531 , 1939 , 6
811450885 , 1939 , 6
510054842 , 1941 , 6
765082263 , 1941 , 6
1275137105 , 1941 , 6
1785191947 , 1942 , 6
602792086 , 1945 , 6
904188129 , 1945 , 6
1506980215 , 1945 , 6
2109772301 , 1946 , 6
3315356473 , 1948 , 6
155471262 , 1954 , 6
259118770 , 1954 , 6
388678155 , 1954 , 6
362766278 , 1955 , 6
544149417 , 1955 , 6
906915695 , 1955 , 6
570061294 , 1957 , 6
855091941 , 1957 , 6
1425153235 , 1957 , 6
1995214529 , 1958 , 6
673708802 , 1961 , 6
1010563203 , 1961 , 6
1684272005 , 1961 , 6
2357980807 , 1962 , 6
3705398411 , 1964 , 6
881003818 , 1969 , 6
1321505727 , 1969 , 6
2202509545 , 1969 , 6
3083513363 , 1970 , 6
4845520999 , 1972 , 6
5726524817 , 1976 , 6
188202054 , 1986 , 6
313670090 , 1986 , 6
470505135 , 1986 , 6
439138126 , 1987 , 6
658707189 , 1987 , 6
1097845315 , 1987 , 6
690074198 , 1989 , 6
1035111297 , 1989 , 6
1725185495 , 1989 , 6
2415259693 , 1990 , 6
815542234 , 1993 , 6
1223313351 , 1993 , 6
2038855585 , 1993 , 6
2854397819 , 1994 , 6
4485482287 , 1996 , 6
1066478306 , 2001 , 6
1599717459 , 2001 , 6
2666195765 , 2001 , 6
3732674071 , 2002 , 6
5865630683 , 2004 , 6
6932108989 , 2008 , 6
1191946342 , 2017 , 6
1787919513 , 2017 , 6
2979865855 , 2017 , 6
4171812197 , 2018 , 6
6555704881 , 2020 , 6
7747651223 , 2024 , 6
10131543907 , 2032 , 6
30030 , 17 , 6
39270 , 25 , 6
46410 , 29 , 6
72930 , 31 , 6
102102 , 32 , 6
170170 , 32 , 6
255255 , 32 , 6
43890 , 41 , 6
51870 , 45 , 6
81510 , 47 , 6
114114 , 48 , 6
190190 , 48 , 6
285285 , 48 , 6
67830 , 53 , 6
106590 , 55 , 6
149226 , 56 , 6
248710 , 56 , 6
373065 , 56 , 6
125970 , 59 , 6
176358 , 60 , 6
293930 , 60 , 6
440895 , 60 , 6
277134 , 62 , 6
461890 , 62 , 6
692835 , 62 , 6
646646 , 63 , 6
969969 , 63 , 6
1616615 , 63 , 6
53130 , 73 , 6
62790 , 77 , 6
98670 , 79 , 6
138138 , 80 , 6
230230 , 80 , 6
345345 , 80 , 6
82110 , 85 , 6
129030 , 87 , 6
180642 , 88 , 6
301070 , 88 , 6
451605 , 88 , 6
152490 , 91 , 6
213486 , 92 , 6
355810 , 92 , 6
533715 , 92 , 6
335478 , 94 , 6
559130 , 94 , 6
838695 , 94 , 6
782782 , 95 , 6
1174173 , 95 , 6
1956955 , 95 , 6
91770 , 101 , 6
144210 , 103 , 6
201894 , 104 , 6
336490 , 104 , 6
504735 , 104 , 6
170430 , 107 , 6
238602 , 108 , 6
397670 , 108 , 6
596505 , 108 , 6
374946 , 110 , 6
624910 , 110 , 6
937365 , 110 , 6
874874 , 111 , 6
1312311 , 111 , 6
2187185 , 111 , 6
222870 , 115 , 6
312018 , 116 , 6
520030 , 116 , 6
780045 , 116 , 6
490314 , 118 , 6
817190 , 118 , 6
1225785 , 118 , 6
1144066 , 119 , 6
1716099 , 119 , 6
2860165 , 119 , 6
579462 , 122 , 6
965770 , 122 , 6
1448655 , 122 , 6
1352078 , 123 , 6
2028117 , 123 , 6
3380195 , 123 , 6
2124694 , 125 , 6
3187041 , 125 , 6
5311735 , 125 , 6
7436429 , 126 , 6
66990 , 137 , 6
79170 , 141 , 6
124410 , 143 , 6
174174 , 144 , 6
290290 , 144 , 6
435435 , 144 , 6
103530 , 149 , 6
162690 , 151 , 6
227766 , 152 , 6
379610 , 152 , 6
569415 , 152 , 6
192270 , 155 , 6
269178 , 156 , 6
448630 , 156 , 6
672945 , 156 , 6
422994 , 158 , 6
704990 , 158 , 6
1057485 , 158 , 6
986986 , 159 , 6
1480479 , 159 , 6
2467465 , 159 , 6
115710 , 165 , 6
181830 , 167 , 6
254562 , 168 , 6
424270 , 168 , 6
636405 , 168 , 6
214890 , 171 , 6
300846 , 172 , 6
501410 , 172 , 6
752115 , 172 , 6
472758 , 174 , 6
787930 , 174 , 6
1181895 , 174 , 6
1103102 , 175 , 6
1654653 , 175 , 6
2757755 , 175 , 6
281010 , 179 , 6
393414 , 180 , 6
655690 , 180 , 6
983535 , 180 , 6
618222 , 182 , 6
1030370 , 182 , 6
1545555 , 182 , 6
1442518 , 183 , 6
2163777 , 183 , 6
3606295 , 183 , 6
730626 , 186 , 6
1217710 , 186 , 6
1826565 , 186 , 6
1704794 , 187 , 6
2557191 , 187 , 6
4261985 , 187 , 6
2678962 , 189 , 6
4018443 , 189 , 6
6697405 , 189 , 6
9376367 , 190 , 6
140070 , 197 , 6
220110 , 199 , 6
308154 , 200 , 6
513590 , 200 , 6
770385 , 200 , 6
260130 , 203 , 6
364182 , 204 , 6
606970 , 204 , 6
910455 , 204 , 6
572286 , 206 , 6
953810 , 206 , 6
1430715 , 206 , 6
1335334 , 207 , 6
2003001 , 207 , 6
3338335 , 207 , 6
340170 , 211 , 6
476238 , 212 , 6
793730 , 212 , 6
1190595 , 212 , 6
748374 , 214 , 6
1247290 , 214 , 6
1870935 , 214 , 6
1746206 , 215 , 6
2619309 , 215 , 6
4365515 , 215 , 6
884442 , 218 , 6
1474070 , 218 , 6
2211105 , 218 , 6
2063698 , 219 , 6
3095547 , 219 , 6
5159245 , 219 , 6
3242954 , 221 , 6
4864431 , 221 , 6
8107385 , 221 , 6
11350339 , 222 , 6
380190 , 227 , 6
532266 , 228 , 6
887110 , 228 , 6
1330665 , 228 , 6
836418 , 230 , 6
1394030 , 230 , 6
2091045 , 230 , 6
1951642 , 231 , 6
2927463 , 231 , 6
4879105 , 231 , 6
988494 , 234 , 6
1647490 , 234 , 6
2471235 , 234 , 6
2306486 , 235 , 6
3459729 , 235 , 6
5766215 , 235 , 6
3624478 , 237 , 6
5436717 , 237 , 6
9061195 , 237 , 6
12685673 , 238 , 6
1292646 , 242 , 6
2154410 , 242 , 6
3231615 , 242 , 6
3016174 , 243 , 6
4524261 , 243 , 6
7540435 , 243 , 6
4739702 , 245 , 6
7109553 , 245 , 6
11849255 , 245 , 6
16588957 , 246 , 6
5601466 , 249 , 6
8402199 , 249 , 6
14003665 , 249 , 6
19605131 , 250 , 6
30808063 , 252 , 6
71610 , 265 , 6
84630 , 269 , 6
132990 , 271 , 6
186186 , 272 , 6
310310 , 272 , 6
465465 , 272 , 6
110670 , 277 , 6
173910 , 279 , 6
243474 , 280 , 6
405790 , 280 , 6
608685 , 280 , 6
205530 , 283 , 6
287742 , 284 , 6
479570 , 284 , 6
719355 , 284 , 6
452166 , 286 , 6
753610 , 286 , 6
1130415 , 286 , 6
1055054 , 287 , 6
1582581 , 287 , 6
2637635 , 287 , 6
123690 , 293 , 6
194370 , 295 , 6
272118 , 296 , 6
453530 , 296 , 6
680295 , 296 , 6
229710 , 299 , 6
321594 , 300 , 6
535990 , 300 , 6
803985 , 300 , 6
505362 , 302 , 6
842270 , 302 , 6
1263405 , 302 , 6
1179178 , 303 , 6
1768767 , 303 , 6
2947945 , 303 , 6
300390 , 307 , 6
420546 , 308 , 6
700910 , 308 , 6
1051365 , 308 , 6
660858 , 310 , 6
1101430 , 310 , 6
1652145 , 310 , 6
1542002 , 311 , 6
2313003 , 311 , 6
3855005 , 311 , 6
781014 , 314 , 6
1301690 , 314 , 6
1952535 , 314 , 6
1822366 , 315 , 6
2733549 , 315 , 6
4555915 , 315 , 6
2863718 , 317 , 6
4295577 , 317 , 6
7159295 , 317 , 6
10023013 , 318 , 6
149730 , 325 , 6
235290 , 327 , 6
329406 , 328 , 6
549010 , 328 , 6
823515 , 328 , 6
278070 , 331 , 6
389298 , 332 , 6
648830 , 332 , 6
973245 , 332 , 6
611754 , 334 , 6
1019590 , 334 , 6
1529385 , 334 , 6
1427426 , 335 , 6
2141139 , 335 , 6
3568565 , 335 , 6
363630 , 339 , 6
509082 , 340 , 6
848470 , 340 , 6
1272705 , 340 , 6
799986 , 342 , 6
1333310 , 342 , 6
1999965 , 342 , 6
1866634 , 343 , 6
2799951 , 343 , 6
4666585 , 343 , 6
945438 , 346 , 6
1575730 , 346 , 6
2363595 , 346 , 6
2206022 , 347 , 6
3309033 , 347 , 6
5515055 , 347 , 6
3466606 , 349 , 6
5199909 , 349 , 6
8666515 , 349 , 6
12133121 , 350 , 6
406410 , 355 , 6
568974 , 356 , 6
948290 , 356 , 6
1422435 , 356 , 6
894102 , 358 , 6
1490170 , 358 , 6
2235255 , 358 , 6
2086238 , 359 , 6
3129357 , 359 , 6
5215595 , 359 , 6
1056666 , 362 , 6
1761110 , 362 , 6
2641665 , 362 , 6
2465554 , 363 , 6
3698331 , 363 , 6
6163885 , 363 , 6
3874442 , 365 , 6
5811663 , 365 , 6
9686105 , 365 , 6
13560547 , 366 , 6
1381794 , 370 , 6
2302990 , 370 , 6
3454485 , 370 , 6
3224186 , 371 , 6
4836279 , 371 , 6
8060465 , 371 , 6
5066578 , 373 , 6
7599867 , 373 , 6
12666445 , 373 , 6
17733023 , 374 , 6
5987774 , 377 , 6
8981661 , 377 , 6
14969435 , 377 , 6
20957209 , 378 , 6
32932757 , 380 , 6
188790 , 389 , 6
296670 , 391 , 6
415338 , 392 , 6
692230 , 392 , 6
1038345 , 392 , 6
350610 , 395 , 6
490854 , 396 , 6
818090 , 396 , 6
1227135 , 396 , 6
771342 , 398 , 6
1285570 , 398 , 6
1928355 , 398 , 6
1799798 , 399 , 6
2699697 , 399 , 6
4499495 , 399 , 6
458490 , 403 , 6
641886 , 404 , 6
1069810 , 404 , 6
1604715 , 404 , 6
1008678 , 406 , 6
1681130 , 406 , 6
2521695 , 406 , 6
2353582 , 407 , 6
3530373 , 407 , 6
5883955 , 407 , 6
1192074 , 410 , 6
1986790 , 410 , 6
2980185 , 410 , 6
2781506 , 411 , 6
4172259 , 411 , 6
6953765 , 411 , 6
4370938 , 413 , 6
6556407 , 413 , 6
10927345 , 413 , 6
15298283 , 414 , 6
512430 , 419 , 6
717402 , 420 , 6
1195670 , 420 , 6
1793505 , 420 , 6
1127346 , 422 , 6
1878910 , 422 , 6
2818365 , 422 , 6
2630474 , 423 , 6
3945711 , 423 , 6
6576185 , 423 , 6
1332318 , 426 , 6
2220530 , 426 , 6
3330795 , 426 , 6
3108742 , 427 , 6
4663113 , 427 , 6
7771855 , 427 , 6
4885166 , 429 , 6
7327749 , 429 , 6
12212915 , 429 , 6
17098081 , 430 , 6
1742262 , 434 , 6
2903770 , 434 , 6
4355655 , 434 , 6
4065278 , 435 , 6
6097917 , 435 , 6
10163195 , 435 , 6
6388294 , 437 , 6
9582441 , 437 , 6
15970735 , 437 , 6
22359029 , 438 , 6
7549802 , 441 , 6
11324703 , 441 , 6
18874505 , 441 , 6
26424307 , 442 , 6
41523911 , 444 , 6
620310 , 451 , 6
868434 , 452 , 6
1447390 , 452 , 6
2171085 , 452 , 6
1364682 , 454 , 6
2274470 , 454 , 6
3411705 , 454 , 6
3184258 , 455 , 6
4776387 , 455 , 6
7960645 , 455 , 6
1612806 , 458 , 6
2688010 , 458 , 6
4032015 , 458 , 6
3763214 , 459 , 6
5644821 , 459 , 6
9408035 , 459 , 6
5913622 , 461 , 6
8870433 , 461 , 6
14784055 , 461 , 6
20697677 , 462 , 6
2109054 , 466 , 6
3515090 , 466 , 6
5272635 , 466 , 6
4921126 , 467 , 6
7381689 , 467 , 6
12302815 , 467 , 6
7733198 , 469 , 6
11599797 , 469 , 6
19332995 , 469 , 6
27066193 , 470 , 6
9139234 , 473 , 6
13708851 , 473 , 6
22848085 , 473 , 6
31987319 , 474 , 6
50265787 , 476 , 6
2357178 , 482 , 6
3928630 , 482 , 6
5892945 , 482 , 6
5500082 , 483 , 6
8250123 , 483 , 6
13750205 , 483 , 6
8642986 , 485 , 6
12964479 , 485 , 6
21607465 , 485 , 6
30250451 , 486 , 6
10214438 , 489 , 6
15321657 , 489 , 6
25536095 , 489 , 6
35750533 , 490 , 6
56179409 , 492 , 6
13357342 , 497 , 6
20036013 , 497 , 6
33393355 , 497 , 6
46750697 , 498 , 6
73465381 , 500 , 6
86822723 , 504 , 6
85470 , 521 , 6
101010 , 525 , 6
158730 , 527 , 6
222222 , 528 , 6
370370 , 528 , 6
555555 , 528 , 6
132090 , 533 , 6
207570 , 535 , 6
290598 , 536 , 6
484330 , 536 , 6
726495 , 536 , 6
245310 , 539 , 6
343434 , 540 , 6
572390 , 540 , 6
858585 , 540 , 6
539682 , 542 , 6
899470 , 542 , 6
1349205 , 542 , 6
1259258 , 543 , 6
1888887 , 543 , 6
3148145 , 543 , 6
147630 , 549 , 6
231990 , 551 , 6
324786 , 552 , 6
541310 , 552 , 6
811965 , 552 , 6
274170 , 555 , 6
383838 , 556 , 6
639730 , 556 , 6
959595 , 556 , 6
603174 , 558 , 6
1005290 , 558 , 6
1507935 , 558 , 6
1407406 , 559 , 6
2111109 , 559 , 6
3518515 , 559 , 6
358530 , 563 , 6
501942 , 564 , 6
836570 , 564 , 6
1254855 , 564 , 6
788766 , 566 , 6
1314610 , 566 , 6
1971915 , 566 , 6
1840454 , 567 , 6
2760681 , 567 , 6
4601135 , 567 , 6
932178 , 570 , 6
1553630 , 570 , 6
2330445 , 570 , 6
2175082 , 571 , 6
3262623 , 571 , 6
5437705 , 571 , 6
3417986 , 573 , 6
5126979 , 573 , 6
8544965 , 573 , 6
11962951 , 574 , 6
178710 , 581 , 6
280830 , 583 , 6
393162 , 584 , 6
655270 , 584 , 6
982905 , 584 , 6
331890 , 587 , 6
464646 , 588 , 6
774410 , 588 , 6
1161615 , 588 , 6
730158 , 590 , 6
1216930 , 590 , 6
1825395 , 590 , 6
1703702 , 591 , 6
2555553 , 591 , 6
4259255 , 591 , 6
434010 , 595 , 6
607614 , 596 , 6
1012690 , 596 , 6
1519035 , 596 , 6
954822 , 598 , 6
1591370 , 598 , 6
2387055 , 598 , 6
2227918 , 599 , 6
3341877 , 599 , 6
5569795 , 599 , 6
1128426 , 602 , 6
1880710 , 602 , 6
2821065 , 602 , 6
2632994 , 603 , 6
3949491 , 603 , 6
6582485 , 603 , 6
4137562 , 605 , 6
6206343 , 605 , 6
10343905 , 605 , 6
14481467 , 606 , 6
485070 , 611 , 6
679098 , 612 , 6
1131830 , 612 , 6
1697745 , 612 , 6
1067154 , 614 , 6
1778590 , 614 , 6
2667885 , 614 , 6
2490026 , 615 , 6
3735039 , 615 , 6
6225065 , 615 , 6
1261182 , 618 , 6
2101970 , 618 , 6
3152955 , 618 , 6
2942758 , 619 , 6
4414137 , 619 , 6
7356895 , 619 , 6
4624334 , 621 , 6
6936501 , 621 , 6
11560835 , 621 , 6
16185169 , 622 , 6
1649238 , 626 , 6
2748730 , 626 , 6
4123095 , 626 , 6
3848222 , 627 , 6
5772333 , 627 , 6
9620555 , 627 , 6
6047206 , 629 , 6
9070809 , 629 , 6
15118015 , 629 , 6
21165221 , 630 , 6
7146698 , 633 , 6
10720047 , 633 , 6
17866745 , 633 , 6
25013443 , 634 , 6
39306839 , 636 , 6
225330 , 645 , 6
354090 , 647 , 6
495726 , 648 , 6
826210 , 648 , 6
1239315 , 648 , 6
418470 , 651 , 6
585858 , 652 , 6
976430 , 652 , 6
1464645 , 652 , 6
920634 , 654 , 6
1534390 , 654 , 6
2301585 , 654 , 6
2148146 , 655 , 6
3222219 , 655 , 6
5370365 , 655 , 6
547230 , 659 , 6
766122 , 660 , 6
1276870 , 660 , 6
1915305 , 660 , 6
1203906 , 662 , 6
2006510 , 662 , 6
3009765 , 662 , 6
2809114 , 663 , 6
4213671 , 663 , 6
7022785 , 663 , 6
1422798 , 666 , 6
2371330 , 666 , 6
3556995 , 666 , 6
3319862 , 667 , 6
4979793 , 667 , 6
8299655 , 667 , 6
5216926 , 669 , 6
7825389 , 669 , 6
13042315 , 669 , 6
18259241 , 670 , 6
611610 , 675 , 6
856254 , 676 , 6
1427090 , 676 , 6
2140635 , 676 , 6
1345542 , 678 , 6
2242570 , 678 , 6
3363855 , 678 , 6
3139598 , 679 , 6
4709397 , 679 , 6
7848995 , 679 , 6
1590186 , 682 , 6
2650310 , 682 , 6
3975465 , 682 , 6
3710434 , 683 , 6
5565651 , 683 , 6
9276085 , 683 , 6
5830682 , 685 , 6
8746023 , 685 , 6
14576705 , 685 , 6
20407387 , 686 , 6
2079474 , 690 , 6
3465790 , 690 , 6
5198685 , 690 , 6
4852106 , 691 , 6
7278159 , 691 , 6
12130265 , 691 , 6
7624738 , 693 , 6
11437107 , 693 , 6
19061845 , 693 , 6
26686583 , 694 , 6
9011054 , 697 , 6
13516581 , 697 , 6
22527635 , 697 , 6
31538689 , 698 , 6
49560797 , 700 , 6
740370 , 707 , 6
1036518 , 708 , 6
1727530 , 708 , 6
2591295 , 708 , 6
1628814 , 710 , 6
2714690 , 710 , 6
4072035 , 710 , 6
3800566 , 711 , 6
5700849 , 711 , 6
9501415 , 711 , 6
1924962 , 714 , 6
3208270 , 714 , 6
4812405 , 714 , 6
4491578 , 715 , 6
6737367 , 715 , 6
11228945 , 715 , 6
7058194 , 717 , 6
10587291 , 717 , 6
17645485 , 717 , 6
24703679 , 718 , 6
2517258 , 722 , 6
4195430 , 722 , 6
6293145 , 722 , 6
5873602 , 723 , 6
8810403 , 723 , 6
14684005 , 723 , 6
9229946 , 725 , 6
13844919 , 725 , 6
23074865 , 725 , 6
32304811 , 726 , 6
10908118 , 729 , 6
16362177 , 729 , 6
27270295 , 729 , 6
38178413 , 730 , 6
59994649 , 732 , 6
2813406 , 738 , 6
4689010 , 738 , 6
7033515 , 738 , 6
6564614 , 739 , 6
9846921 , 739 , 6
16411535 , 739 , 6
10315822 , 741 , 6
15473733 , 741 , 6
25789555 , 741 , 6
36105377 , 742 , 6
12191426 , 745 , 6
18287139 , 745 , 6
30478565 , 745 , 6
42669991 , 746 , 6
67052843 , 748 , 6
15942634 , 753 , 6
23913951 , 753 , 6
39856585 , 753 , 6
55799219 , 754 , 6
87684487 , 756 , 6
103627121 , 760 , 6
240870 , 773 , 6
378510 , 775 , 6
529914 , 776 , 6
883190 , 776 , 6
1324785 , 776 , 6
447330 , 779 , 6
626262 , 780 , 6
1043770 , 780 , 6
1565655 , 780 , 6
984126 , 782 , 6
1640210 , 782 , 6
2460315 , 782 , 6
2296294 , 783 , 6
3444441 , 783 , 6
5740735 , 783 , 6
584970 , 787 , 6
818958 , 788 , 6
1364930 , 788 , 6
2047395 , 788 , 6
1286934 , 790 , 6
2144890 , 790 , 6
3217335 , 790 , 6
3002846 , 791 , 6
4504269 , 791 , 6
7507115 , 791 , 6
1520922 , 794 , 6
2534870 , 794 , 6
3802305 , 794 , 6
3548818 , 795 , 6
5323227 , 795 , 6
8872045 , 795 , 6
5576714 , 797 , 6
8365071 , 797 , 6
13941785 , 797 , 6
19518499 , 798 , 6
653790 , 803 , 6
915306 , 804 , 6
1525510 , 804 , 6
2288265 , 804 , 6
1438338 , 806 , 6
2397230 , 806 , 6
3595845 , 806 , 6
3356122 , 807 , 6
5034183 , 807 , 6
8390305 , 807 , 6
1699854 , 810 , 6
2833090 , 810 , 6
4249635 , 810 , 6
3966326 , 811 , 6
5949489 , 811 , 6
9915815 , 811 , 6
6232798 , 813 , 6
9349197 , 813 , 6
15581995 , 813 , 6
21814793 , 814 , 6
2222886 , 818 , 6
3704810 , 818 , 6
5557215 , 818 , 6
5186734 , 819 , 6
7780101 , 819 , 6
12966835 , 819 , 6
8150582 , 821 , 6
12225873 , 821 , 6
20376455 , 821 , 6
28527037 , 822 , 6
9632506 , 825 , 6
14448759 , 825 , 6
24081265 , 825 , 6
33713771 , 826 , 6
52978783 , 828 , 6
791430 , 835 , 6
1108002 , 836 , 6
1846670 , 836 , 6
2770005 , 836 , 6
1741146 , 838 , 6
2901910 , 838 , 6
4352865 , 838 , 6
4062674 , 839 , 6
6094011 , 839 , 6
10156685 , 839 , 6
2057718 , 842 , 6
3429530 , 842 , 6
5144295 , 842 , 6
4801342 , 843 , 6
7202013 , 843 , 6
12003355 , 843 , 6
7544966 , 845 , 6
11317449 , 845 , 6
18862415 , 845 , 6
26407381 , 846 , 6
2690862 , 850 , 6
4484770 , 850 , 6
6727155 , 850 , 6
6278678 , 851 , 6
9418017 , 851 , 6
15696695 , 851 , 6
9866494 , 853 , 6
14799741 , 853 , 6
24666235 , 853 , 6
34532729 , 854 , 6
11660402 , 857 , 6
17490603 , 857 , 6
29151005 , 857 , 6
40811407 , 858 , 6
64132211 , 860 , 6
3007434 , 866 , 6
5012390 , 866 , 6
7518585 , 866 , 6
7017346 , 867 , 6
10526019 , 867 , 6
17543365 , 867 , 6
11027258 , 869 , 6
16540887 , 869 , 6
27568145 , 869 , 6
38595403 , 870 , 6
13032214 , 873 , 6
19548321 , 873 , 6
32580535 , 873 , 6
45612749 , 874 , 6
71677177 , 876 , 6
17042126 , 881 , 6
25563189 , 881 , 6
42605315 , 881 , 6
59647441 , 882 , 6
93731693 , 884 , 6
110773819 , 888 , 6
997890 , 899 , 6
1397046 , 900 , 6
2328410 , 900 , 6
3492615 , 900 , 6
2195358 , 902 , 6
3658930 , 902 , 6
5488395 , 902 , 6
5122502 , 903 , 6
7683753 , 903 , 6
12806255 , 903 , 6
2594514 , 906 , 6
4324190 , 906 , 6
6486285 , 906 , 6
6053866 , 907 , 6
9080799 , 907 , 6
15134665 , 907 , 6
9513218 , 909 , 6
14269827 , 909 , 6
23783045 , 909 , 6
33296263 , 910 , 6
3392826 , 914 , 6
5654710 , 914 , 6
8482065 , 914 , 6
7916594 , 915 , 6
11874891 , 915 , 6
19791485 , 915 , 6
12440362 , 917 , 6
18660543 , 917 , 6
31100905 , 917 , 6
43541267 , 918 , 6
14702246 , 921 , 6
22053369 , 921 , 6
36755615 , 921 , 6
51457861 , 922 , 6
80862353 , 924 , 6
3791982 , 930 , 6
6319970 , 930 , 6
9479955 , 930 , 6
8847958 , 931 , 6
13271937 , 931 , 6
22119895 , 931 , 6
13903934 , 933 , 6
20855901 , 933 , 6
34759835 , 933 , 6
48663769 , 934 , 6
16431922 , 937 , 6
24647883 , 937 , 6
41079805 , 937 , 6
57511727 , 938 , 6
90375571 , 940 , 6
21487898 , 945 , 6
32231847 , 945 , 6
53719745 , 945 , 6
75207643 , 946 , 6
118183439 , 948 , 6
139671337 , 952 , 6
4590294 , 962 , 6
7650490 , 962 , 6
11475735 , 962 , 6
10710686 , 963 , 6
16066029 , 963 , 6
26776715 , 963 , 6
16831078 , 965 , 6
25246617 , 965 , 6
42077695 , 965 , 6
58908773 , 966 , 6
19891274 , 969 , 6
29836911 , 969 , 6
49728185 , 969 , 6
69619459 , 970 , 6
109402007 , 972 , 6
26011666 , 977 , 6
39017499 , 977 , 6
65029165 , 977 , 6
91040831 , 978 , 6
143064163 , 980 , 6
169075829 , 984 , 6
29071862 , 993 , 6
43607793 , 993 , 6
72679655 , 993 , 6
101751517 , 994 , 6
159895241 , 996 , 6
188967103 , 1000 , 6
247110827 , 1008 , 6
94710 , 1033 , 6
111930 , 1037 , 6
175890 , 1039 , 6
246246 , 1040 , 6
410410 , 1040 , 6
615615 , 1040 , 6
146370 , 1045 , 6
230010 , 1047 , 6
322014 , 1048 , 6
536690 , 1048 , 6
805035 , 1048 , 6
271830 , 1051 , 6
380562 , 1052 , 6
634270 , 1052 , 6
951405 , 1052 , 6
598026 , 1054 , 6
996710 , 1054 , 6
1495065 , 1054 , 6
1395394 , 1055 , 6
2093091 , 1055 , 6
3488485 , 1055 , 6
163590 , 1061 , 6
257070 , 1063 , 6
359898 , 1064 , 6
599830 , 1064 , 6
899745 , 1064 , 6
303810 , 1067 , 6
425334 , 1068 , 6
708890 , 1068 , 6
1063335 , 1068 , 6
668382 , 1070 , 6
1113970 , 1070 , 6
1670955 , 1070 , 6
1559558 , 1071 , 6
2339337 , 1071 , 6
3898895 , 1071 , 6
397290 , 1075 , 6
556206 , 1076 , 6
927010 , 1076 , 6
1390515 , 1076 , 6
874038 , 1078 , 6
1456730 , 1078 , 6
2185095 , 1078 , 6
2039422 , 1079 , 6
3059133 , 1079 , 6
5098555 , 1079 , 6
1032954 , 1082 , 6
1721590 , 1082 , 6
2582385 , 1082 , 6
2410226 , 1083 , 6
3615339 , 1083 , 6
6025565 , 1083 , 6
3787498 , 1085 , 6
5681247 , 1085 , 6
9468745 , 1085 , 6
13256243 , 1086 , 6
198030 , 1093 , 6
311190 , 1095 , 6
435666 , 1096 , 6
726110 , 1096 , 6
1089165 , 1096 , 6
367770 , 1099 , 6
514878 , 1100 , 6
858130 , 1100 , 6
1287195 , 1100 , 6
809094 , 1102 , 6
1348490 , 1102 , 6
2022735 , 1102 , 6
1887886 , 1103 , 6
2831829 , 1103 , 6
4719715 , 1103 , 6
480930 , 1107 , 6
673302 , 1108 , 6
1122170 , 1108 , 6
1683255 , 1108 , 6
1058046 , 1110 , 6
1763410 , 1110 , 6
2645115 , 1110 , 6
2468774 , 1111 , 6
3703161 , 1111 , 6
6171935 , 1111 , 6
1250418 , 1114 , 6
2084030 , 1114 , 6
3126045 , 1114 , 6
2917642 , 1115 , 6
4376463 , 1115 , 6
7294105 , 1115 , 6
4584866 , 1117 , 6
6877299 , 1117 , 6
11462165 , 1117 , 6
16047031 , 1118 , 6
537510 , 1123 , 6
752514 , 1124 , 6
1254190 , 1124 , 6
1881285 , 1124 , 6
1182522 , 1126 , 6
1970870 , 1126 , 6
2956305 , 1126 , 6
2759218 , 1127 , 6
4138827 , 1127 , 6
6898045 , 1127 , 6
1397526 , 1130 , 6
2329210 , 1130 , 6
3493815 , 1130 , 6
3260894 , 1131 , 6
4891341 , 1131 , 6
8152235 , 1131 , 6
5124262 , 1133 , 6
7686393 , 1133 , 6
12810655 , 1133 , 6
17934917 , 1134 , 6
1827534 , 1138 , 6
3045890 , 1138 , 6
4568835 , 1138 , 6
4264246 , 1139 , 6
6396369 , 1139 , 6
10660615 , 1139 , 6
6700958 , 1141 , 6
10051437 , 1141 , 6
16752395 , 1141 , 6
23453353 , 1142 , 6
7919314 , 1145 , 6
11878971 , 1145 , 6
19798285 , 1145 , 6
27717599 , 1146 , 6
43556227 , 1148 , 6
249690 , 1157 , 6
392370 , 1159 , 6
549318 , 1160 , 6
915530 , 1160 , 6
1373295 , 1160 , 6
463710 , 1163 , 6
649194 , 1164 , 6
1081990 , 1164 , 6
1622985 , 1164 , 6
1020162 , 1166 , 6
1700270 , 1166 , 6
2550405 , 1166 , 6
2380378 , 1167 , 6
3570567 , 1167 , 6
5950945 , 1167 , 6
606390 , 1171 , 6
848946 , 1172 , 6
1414910 , 1172 , 6
2122365 , 1172 , 6
1334058 , 1174 , 6
2223430 , 1174 , 6
3335145 , 1174 , 6
3112802 , 1175 , 6
4669203 , 1175 , 6
7782005 , 1175 , 6
1576614 , 1178 , 6
2627690 , 1178 , 6
3941535 , 1178 , 6
3678766 , 1179 , 6
5518149 , 1179 , 6
9196915 , 1179 , 6
5780918 , 1181 , 6
8671377 , 1181 , 6
14452295 , 1181 , 6
20233213 , 1182 , 6
677730 , 1187 , 6
948822 , 1188 , 6
1581370 , 1188 , 6
2372055 , 1188 , 6
1491006 , 1190 , 6
2485010 , 1190 , 6
3727515 , 1190 , 6
3479014 , 1191 , 6
5218521 , 1191 , 6
8697535 , 1191 , 6
1762098 , 1194 , 6
2936830 , 1194 , 6
4405245 , 1194 , 6
4111562 , 1195 , 6
6167343 , 1195 , 6
10278905 , 1195 , 6
6461026 , 1197 , 6
9691539 , 1197 , 6
16152565 , 1197 , 6
22613591 , 1198 , 6
2304282 , 1202 , 6
3840470 , 1202 , 6
5760705 , 1202 , 6
5376658 , 1203 , 6
8064987 , 1203 , 6
13441645 , 1203 , 6
8449034 , 1205 , 6
12673551 , 1205 , 6
21122585 , 1205 , 6
29571619 , 1206 , 6
9985222 , 1209 , 6
14977833 , 1209 , 6
24963055 , 1209 , 6
34948277 , 1210 , 6
54918721 , 1212 , 6
820410 , 1219 , 6
1148574 , 1220 , 6
1914290 , 1220 , 6
2871435 , 1220 , 6
1804902 , 1222 , 6
3008170 , 1222 , 6
4512255 , 1222 , 6
4211438 , 1223 , 6
6317157 , 1223 , 6
10528595 , 1223 , 6
2133066 , 1226 , 6
3555110 , 1226 , 6
5332665 , 1226 , 6
4977154 , 1227 , 6
7465731 , 1227 , 6
12442885 , 1227 , 6
7821242 , 1229 , 6
11731863 , 1229 , 6
19553105 , 1229 , 6
27374347 , 1230 , 6
2789394 , 1234 , 6
4648990 , 1234 , 6
6973485 , 1234 , 6
6508586 , 1235 , 6
9762879 , 1235 , 6
16271465 , 1235 , 6
10227778 , 1237 , 6
15341667 , 1237 , 6
25569445 , 1237 , 6
35797223 , 1238 , 6
12087374 , 1241 , 6
18131061 , 1241 , 6
30218435 , 1241 , 6
42305809 , 1242 , 6
66480557 , 1244 , 6
3117558 , 1250 , 6
5195930 , 1250 , 6
7793895 , 1250 , 6
7274302 , 1251 , 6
10911453 , 1251 , 6
18185755 , 1251 , 6
11431046 , 1253 , 6
17146569 , 1253 , 6
28577615 , 1253 , 6
40008661 , 1254 , 6
13509418 , 1257 , 6
20264127 , 1257 , 6
33773545 , 1257 , 6
47282963 , 1258 , 6
74301799 , 1260 , 6
17666162 , 1265 , 6
26499243 , 1265 , 6
44165405 , 1265 , 6
61831567 , 1266 , 6
97163891 , 1268 , 6
114830053 , 1272 , 6
266910 , 1285 , 6
419430 , 1287 , 6
587202 , 1288 , 6
978670 , 1288 , 6
1468005 , 1288 , 6
495690 , 1291 , 6
693966 , 1292 , 6
1156610 , 1292 , 6
1734915 , 1292 , 6
1090518 , 1294 , 6
1817530 , 1294 , 6
2726295 , 1294 , 6
2544542 , 1295 , 6
3816813 , 1295 , 6
6361355 , 1295 , 6
648210 , 1299 , 6
907494 , 1300 , 6
1512490 , 1300 , 6
2268735 , 1300 , 6
1426062 , 1302 , 6
2376770 , 1302 , 6
3565155 , 1302 , 6
3327478 , 1303 , 6
4991217 , 1303 , 6
8318695 , 1303 , 6
1685346 , 1306 , 6
2808910 , 1306 , 6
4213365 , 1306 , 6
3932474 , 1307 , 6
5898711 , 1307 , 6
9831185 , 1307 , 6
6179602 , 1309 , 6
9269403 , 1309 , 6
15449005 , 1309 , 6
21628607 , 1310 , 6
724470 , 1315 , 6
1014258 , 1316 , 6
1690430 , 1316 , 6
2535645 , 1316 , 6
1593834 , 1318 , 6
2656390 , 1318 , 6
3984585 , 1318 , 6
3718946 , 1319 , 6
5578419 , 1319 , 6
9297365 , 1319 , 6
1883622 , 1322 , 6
3139370 , 1322 , 6
4709055 , 1322 , 6
4395118 , 1323 , 6
6592677 , 1323 , 6
10987795 , 1323 , 6
6906614 , 1325 , 6
10359921 , 1325 , 6
17266535 , 1325 , 6
24173149 , 1326 , 6
2463198 , 1330 , 6
4105330 , 1330 , 6
6157995 , 1330 , 6
5747462 , 1331 , 6
8621193 , 1331 , 6
14368655 , 1331 , 6
9031726 , 1333 , 6
13547589 , 1333 , 6
22579315 , 1333 , 6
31611041 , 1334 , 6
10673858 , 1337 , 6
16010787 , 1337 , 6
26684645 , 1337 , 6
37358503 , 1338 , 6
58706219 , 1340 , 6
876990 , 1347 , 6
1227786 , 1348 , 6
2046310 , 1348 , 6
3069465 , 1348 , 6
1929378 , 1350 , 6
3215630 , 1350 , 6
4823445 , 1350 , 6
4501882 , 1351 , 6
6752823 , 1351 , 6
11254705 , 1351 , 6
2280174 , 1354 , 6
3800290 , 1354 , 6
5700435 , 1354 , 6
5320406 , 1355 , 6
7980609 , 1355 , 6
13301015 , 1355 , 6
8360638 , 1357 , 6
12540957 , 1357 , 6
20901595 , 1357 , 6
29262233 , 1358 , 6
2981766 , 1362 , 6
4969610 , 1362 , 6
7454415 , 1362 , 6
6957454 , 1363 , 6
10436181 , 1363 , 6
17393635 , 1363 , 6
10933142 , 1365 , 6
16399713 , 1365 , 6
27332855 , 1365 , 6
38265997 , 1366 , 6
12920986 , 1369 , 6
19381479 , 1369 , 6
32302465 , 1369 , 6
45223451 , 1370 , 6
71065423 , 1372 , 6
3332562 , 1378 , 6
5554270 , 1378 , 6
8331405 , 1378 , 6
7775978 , 1379 , 6
11663967 , 1379 , 6
19439945 , 1379 , 6
12219394 , 1381 , 6
18329091 , 1381 , 6
30548485 , 1381 , 6
42767879 , 1382 , 6
14441102 , 1385 , 6
21661653 , 1385 , 6
36102755 , 1385 , 6
50543857 , 1386 , 6
79426061 , 1388 , 6
18884518 , 1393 , 6
28326777 , 1393 , 6
47211295 , 1393 , 6
66095813 , 1394 , 6
103864849 , 1396 , 6
122749367 , 1400 , 6
1105770 , 1411 , 6
1548078 , 1412 , 6
2580130 , 1412 , 6
3870195 , 1412 , 6
2432694 , 1414 , 6
4054490 , 1414 , 6
6081735 , 1414 , 6
5676286 , 1415 , 6
8514429 , 1415 , 6
14190715 , 1415 , 6
2875002 , 1418 , 6
4791670 , 1418 , 6
7187505 , 1418 , 6
6708338 , 1419 , 6
10062507 , 1419 , 6
16770845 , 1419 , 6
10541674 , 1421 , 6
15812511 , 1421 , 6
26354185 , 1421 , 6
36895859 , 1422 , 6
3759618 , 1426 , 6
6266030 , 1426 , 6
9399045 , 1426 , 6
8772442 , 1427 , 6
13158663 , 1427 , 6
21931105 , 1427 , 6
13785266 , 1429 , 6
20677899 , 1429 , 6
34463165 , 1429 , 6
48248431 , 1430 , 6
16291678 , 1433 , 6
24437517 , 1433 , 6
40729195 , 1433 , 6
57020873 , 1434 , 6
89604229 , 1436 , 6
4201926 , 1442 , 6
7003210 , 1442 , 6
10504815 , 1442 , 6
9804494 , 1443 , 6
14706741 , 1443 , 6
24511235 , 1443 , 6
15407062 , 1445 , 6
23110593 , 1445 , 6
38517655 , 1445 , 6
53924717 , 1446 , 6
18208346 , 1449 , 6
27312519 , 1449 , 6
45520865 , 1449 , 6
63729211 , 1450 , 6
100145903 , 1452 , 6
23810914 , 1457 , 6
35716371 , 1457 , 6
59527285 , 1457 , 6
83338199 , 1458 , 6
130960027 , 1460 , 6
154770941 , 1464 , 6
5086542 , 1474 , 6
8477570 , 1474 , 6
12716355 , 1474 , 6
11868598 , 1475 , 6
17802897 , 1475 , 6
29671495 , 1475 , 6
18650654 , 1477 , 6
27975981 , 1477 , 6
46626635 , 1477 , 6
65277289 , 1478 , 6
22041682 , 1481 , 6
33062523 , 1481 , 6
55104205 , 1481 , 6
77145887 , 1482 , 6
121229251 , 1484 , 6
28823738 , 1489 , 6
43235607 , 1489 , 6
72059345 , 1489 , 6
100883083 , 1490 , 6
158530559 , 1492 , 6
187354297 , 1496 , 6
32214766 , 1505 , 6
48322149 , 1505 , 6
80536915 , 1505 , 6
112751681 , 1506 , 6
177181213 , 1508 , 6
209395979 , 1512 , 6
273825511 , 1520 , 6
318570 , 1541 , 6
500610 , 1543 , 6
700854 , 1544 , 6
1168090 , 1544 , 6
1752135 , 1544 , 6
591630 , 1547 , 6
828282 , 1548 , 6
1380470 , 1548 , 6
2070705 , 1548 , 6
1301586 , 1550 , 6
2169310 , 1550 , 6
3253965 , 1550 , 6
3037034 , 1551 , 6
4555551 , 1551 , 6
7592585 , 1551 , 6
773670 , 1555 , 6
1083138 , 1556 , 6
1805230 , 1556 , 6
2707845 , 1556 , 6
1702074 , 1558 , 6
2836790 , 1558 , 6
4255185 , 1558 , 6
3971506 , 1559 , 6
5957259 , 1559 , 6
9928765 , 1559 , 6
2011542 , 1562 , 6
3352570 , 1562 , 6
5028855 , 1562 , 6
4693598 , 1563 , 6
7040397 , 1563 , 6
11733995 , 1563 , 6
7375654 , 1565 , 6
11063481 , 1565 , 6
18439135 , 1565 , 6
25814789 , 1566 , 6
864690 , 1571 , 6
1210566 , 1572 , 6
2017610 , 1572 , 6
3026415 , 1572 , 6
1902318 , 1574 , 6
3170530 , 1574 , 6
4755795 , 1574 , 6
4438742 , 1575 , 6
6658113 , 1575 , 6
11096855 , 1575 , 6
2248194 , 1578 , 6
3746990 , 1578 , 6
5620485 , 1578 , 6
5245786 , 1579 , 6
7868679 , 1579 , 6
13114465 , 1579 , 6
8243378 , 1581 , 6
12365067 , 1581 , 6
20608445 , 1581 , 6
28851823 , 1582 , 6
2939946 , 1586 , 6
4899910 , 1586 , 6
7349865 , 1586 , 6
6859874 , 1587 , 6
10289811 , 1587 , 6
17149685 , 1587 , 6
10779802 , 1589 , 6
16169703 , 1589 , 6
26949505 , 1589 , 6
37729307 , 1590 , 6
12739766 , 1593 , 6
19109649 , 1593 , 6
31849415 , 1593 , 6
44589181 , 1594 , 6
70068713 , 1596 , 6
1046730 , 1603 , 6
1465422 , 1604 , 6
2442370 , 1604 , 6
3663555 , 1604 , 6
2302806 , 1606 , 6
3838010 , 1606 , 6
5757015 , 1606 , 6
5373214 , 1607 , 6
8059821 , 1607 , 6
13433035 , 1607 , 6
2721498 , 1610 , 6
4535830 , 1610 , 6
6803745 , 1610 , 6
6350162 , 1611 , 6
9525243 , 1611 , 6
15875405 , 1611 , 6
9978826 , 1613 , 6
14968239 , 1613 , 6
24947065 , 1613 , 6
34925891 , 1614 , 6
3558882 , 1618 , 6
5931470 , 1618 , 6
8897205 , 1618 , 6
8304058 , 1619 , 6
12456087 , 1619 , 6
20760145 , 1619 , 6
13049234 , 1621 , 6
19573851 , 1621 , 6
32623085 , 1621 , 6
45672319 , 1622 , 6
15421822 , 1625 , 6
23132733 , 1625 , 6
38554555 , 1625 , 6
53976377 , 1626 , 6
84820021 , 1628 , 6
3977574 , 1634 , 6
6629290 , 1634 , 6
9943935 , 1634 , 6
9281006 , 1635 , 6
13921509 , 1635 , 6
23202515 , 1635 , 6
14584438 , 1637 , 6
21876657 , 1637 , 6
36461095 , 1637 , 6
51045533 , 1638 , 6
17236154 , 1641 , 6
25854231 , 1641 , 6
43090385 , 1641 , 6
60326539 , 1642 , 6
94798847 , 1644 , 6
22539586 , 1649 , 6
33809379 , 1649 , 6
56348965 , 1649 , 6
78888551 , 1650 , 6
123967723 , 1652 , 6
146507309 , 1656 , 6
1319790 , 1667 , 6
1847706 , 1668 , 6
3079510 , 1668 , 6
4619265 , 1668 , 6
2903538 , 1670 , 6
4839230 , 1670 , 6
7258845 , 1670 , 6
6774922 , 1671 , 6
10162383 , 1671 , 6
16937305 , 1671 , 6
3431454 , 1674 , 6
5719090 , 1674 , 6
8578635 , 1674 , 6
8006726 , 1675 , 6
12010089 , 1675 , 6
20016815 , 1675 , 6
12581998 , 1677 , 6
18872997 , 1677 , 6
31454995 , 1677 , 6
44036993 , 1678 , 6
4487286 , 1682 , 6
7478810 , 1682 , 6
11218215 , 1682 , 6
10470334 , 1683 , 6
15705501 , 1683 , 6
26175835 , 1683 , 6
16453382 , 1685 , 6
24680073 , 1685 , 6
41133455 , 1685 , 6
57586837 , 1686 , 6
19444906 , 1689 , 6
29167359 , 1689 , 6
48612265 , 1689 , 6
68057171 , 1690 , 6
106946983 , 1692 , 6
5015202 , 1698 , 6
8358670 , 1698 , 6
12538005 , 1698 , 6
11702138 , 1699 , 6
17553207 , 1699 , 6
29255345 , 1699 , 6
18389074 , 1701 , 6
27583611 , 1701 , 6
45972685 , 1701 , 6
64361759 , 1702 , 6
21732542 , 1705 , 6
32598813 , 1705 , 6
54331355 , 1705 , 6
76063897 , 1706 , 6
119528981 , 1708 , 6
28419478 , 1713 , 6
42629217 , 1713 , 6
71048695 , 1713 , 6
99468173 , 1714 , 6
156307129 , 1716 , 6
184726607 , 1720 , 6
6071034 , 1730 , 6
10118390 , 1730 , 6
15177585 , 1730 , 6
14165746 , 1731 , 6
21248619 , 1731 , 6
35414365 , 1731 , 6
22260458 , 1733 , 6
33390687 , 1733 , 6
55651145 , 1733 , 6
77911603 , 1734 , 6
26307814 , 1737 , 6
39461721 , 1737 , 6
65769535 , 1737 , 6
92077349 , 1738 , 6
144692977 , 1740 , 6
34402526 , 1745 , 6
51603789 , 1745 , 6
86006315 , 1745 , 6
120408841 , 1746 , 6
189213893 , 1748 , 6
223616419 , 1752 , 6
38449882 , 1761 , 6
57674823 , 1761 , 6
96124705 , 1761 , 6
134574587 , 1762 , 6
211474351 , 1764 , 6
249924233 , 1768 , 6
326823997 , 1776 , 6
1410810 , 1795 , 6
1975134 , 1796 , 6
3291890 , 1796 , 6
4937835 , 1796 , 6
3103782 , 1798 , 6
5172970 , 1798 , 6
7759455 , 1798 , 6
7242158 , 1799 , 6
10863237 , 1799 , 6
18105395 , 1799 , 6
3668106 , 1802 , 6
6113510 , 1802 , 6
9170265 , 1802 , 6
8558914 , 1803 , 6
12838371 , 1803 , 6
21397285 , 1803 , 6
13449722 , 1805 , 6
20174583 , 1805 , 6
33624305 , 1805 , 6
47074027 , 1806 , 6
4796754 , 1810 , 6
7994590 , 1810 , 6
11991885 , 1810 , 6
11192426 , 1811 , 6
16788639 , 1811 , 6
27981065 , 1811 , 6
17588098 , 1813 , 6
26382147 , 1813 , 6
43970245 , 1813 , 6
61558343 , 1814 , 6
20785934 , 1817 , 6
31178901 , 1817 , 6
51964835 , 1817 , 6
72750769 , 1818 , 6
114322637 , 1820 , 6
5361078 , 1826 , 6
8935130 , 1826 , 6
13402695 , 1826 , 6
12509182 , 1827 , 6
18763773 , 1827 , 6
31272955 , 1827 , 6
19657286 , 1829 , 6
29485929 , 1829 , 6
49143215 , 1829 , 6
68800501 , 1830 , 6
23231338 , 1833 , 6
34847007 , 1833 , 6
58078345 , 1833 , 6
81309683 , 1834 , 6
127772359 , 1836 , 6
30379442 , 1841 , 6
45569163 , 1841 , 6
75948605 , 1841 , 6
106328047 , 1842 , 6
167086931 , 1844 , 6
197466373 , 1848 , 6
6489726 , 1858 , 6
10816210 , 1858 , 6
16224315 , 1858 , 6
15142694 , 1859 , 6
22714041 , 1859 , 6
37856735 , 1859 , 6
23795662 , 1861 , 6
35693493 , 1861 , 6
59489155 , 1861 , 6
83284817 , 1862 , 6
28122146 , 1865 , 6
42183219 , 1865 , 6
70305365 , 1865 , 6
98427511 , 1866 , 6
154671803 , 1868 , 6
36775114 , 1873 , 6
55162671 , 1873 , 6
91937785 , 1873 , 6
128712899 , 1874 , 6
202263127 , 1876 , 6
239038241 , 1880 , 6
41101598 , 1889 , 6
61652397 , 1889 , 6
102753995 , 1889 , 6
143855593 , 1890 , 6
226058789 , 1892 , 6
267160387 , 1896 , 6
349363583 , 1904 , 6
8182698 , 1922 , 6
13637830 , 1922 , 6
20456745 , 1922 , 6
19092962 , 1923 , 6
28639443 , 1923 , 6
47732405 , 1923 , 6
30003226 , 1925 , 6
45004839 , 1925 , 6
75008065 , 1925 , 6
105011291 , 1926 , 6
35458358 , 1929 , 6
53187537 , 1929 , 6
88645895 , 1929 , 6
124104253 , 1930 , 6
195020969 , 1932 , 6
46368622 , 1937 , 6
69552933 , 1937 , 6
115921555 , 1937 , 6
162290177 , 1938 , 6
255027421 , 1940 , 6
301396043 , 1944 , 6
51823754 , 1953 , 6
77735631 , 1953 , 6
129559385 , 1953 , 6
181383139 , 1954 , 6
285030647 , 1956 , 6
336854401 , 1960 , 6
440501909 , 1968 , 6
62734018 , 1985 , 6
94101027 , 1985 , 6
156835045 , 1985 , 6
219569063 , 1986 , 6
345037099 , 1988 , 6
407771117 , 1992 , 6
533239153 , 2000 , 6
595973171 , 2016 , 6
2310 , 9 , 6
2730 , 13 , 6
4290 , 15 , 6
6006 , 16 , 6
10010 , 16 , 6
15015 , 16 , 6
3570 , 21 , 6
5610 , 23 , 6
7854 , 24 , 6
13090 , 24 , 6
19635 , 24 , 6
6630 , 27 , 6
9282 , 28 , 6
15470 , 28 , 6
23205 , 28 , 6
14586 , 30 , 6
24310 , 30 , 6
36465 , 30 , 6
34034 , 31 , 6
51051 , 31 , 6
85085 , 31 , 6
3990 , 37 , 6
6270 , 39 , 6
8778 , 40 , 6
14630 , 40 , 6
21945 , 40 , 6
7410 , 43 , 6
10374 , 44 , 6
17290 , 44 , 6
25935 , 44 , 6
16302 , 46 , 6
27170 , 46 , 6
40755 , 46 , 6
38038 , 47 , 6
57057 , 47 , 6
95095 , 47 , 6
9690 , 51 , 6
13566 , 52 , 6
22610 , 52 , 6
33915 , 52 , 6
21318 , 54 , 6
35530 , 54 , 6
53295 , 54 , 6
49742 , 55 , 6
74613 , 55 , 6
124355 , 55 , 6
25194 , 58 , 6
41990 , 58 , 6
62985 , 58 , 6
58786 , 59 , 6
88179 , 59 , 6
146965 , 59 , 6
92378 , 61 , 6
138567 , 61 , 6
230945 , 61 , 6
323323 , 62 , 6
4830 , 69 , 6
7590 , 71 , 6
10626 , 72 , 6
17710 , 72 , 6
26565 , 72 , 6
8970 , 75 , 6
12558 , 76 , 6
20930 , 76 , 6
31395 , 76 , 6
19734 , 78 , 6
32890 , 78 , 6
49335 , 78 , 6
46046 , 79 , 6
69069 , 79 , 6
115115 , 79 , 6
11730 , 83 , 6
16422 , 84 , 6
27370 , 84 , 6
41055 , 84 , 6
25806 , 86 , 6
43010 , 86 , 6
64515 , 86 , 6
60214 , 87 , 6
90321 , 87 , 6
150535 , 87 , 6
30498 , 90 , 6
50830 , 90 , 6
76245 , 90 , 6
71162 , 91 , 6
106743 , 91 , 6
177905 , 91 , 6
111826 , 93 , 6
167739 , 93 , 6
279565 , 93 , 6
391391 , 94 , 6
13110 , 99 , 6
18354 , 100 , 6
30590 , 100 , 6
45885 , 100 , 6
28842 , 102 , 6
48070 , 102 , 6
72105 , 102 , 6
67298 , 103 , 6
100947 , 103 , 6
168245 , 103 , 6
34086 , 106 , 6
56810 , 106 , 6
85215 , 106 , 6
79534 , 107 , 6
119301 , 107 , 6
198835 , 107 , 6
124982 , 109 , 6
187473 , 109 , 6
312455 , 109 , 6
437437 , 110 , 6
44574 , 114 , 6
74290 , 114 , 6
111435 , 114 , 6
104006 , 115 , 6
156009 , 115 , 6
260015 , 115 , 6
163438 , 117 , 6
245157 , 117 , 6
408595 , 117 , 6
572033 , 118 , 6
193154 , 121 , 6
289731 , 121 , 6
482885 , 121 , 6
676039 , 122 , 6
1062347 , 124 , 6
6090 , 133 , 6
9570 , 135 , 6
13398 , 136 , 6
22330 , 136 , 6
33495 , 136 , 6
11310 , 139 , 6
15834 , 140 , 6
26390 , 140 , 6
39585 , 140 , 6
24882 , 142 , 6
41470 , 142 , 6
62205 , 142 , 6
58058 , 143 , 6
87087 , 143 , 6
145145 , 143 , 6
14790 , 147 , 6
20706 , 148 , 6
34510 , 148 , 6
51765 , 148 , 6
32538 , 150 , 6
54230 , 150 , 6
81345 , 150 , 6
75922 , 151 , 6
113883 , 151 , 6
189805 , 151 , 6
38454 , 154 , 6
64090 , 154 , 6
96135 , 154 , 6
89726 , 155 , 6
134589 , 155 , 6
224315 , 155 , 6
140998 , 157 , 6
211497 , 157 , 6
352495 , 157 , 6
493493 , 158 , 6
16530 , 163 , 6
23142 , 164 , 6
38570 , 164 , 6
57855 , 164 , 6
36366 , 166 , 6
60610 , 166 , 6
90915 , 166 , 6
84854 , 167 , 6
127281 , 167 , 6
212135 , 167 , 6
42978 , 170 , 6
71630 , 170 , 6
107445 , 170 , 6
100282 , 171 , 6
150423 , 171 , 6
250705 , 171 , 6
157586 , 173 , 6
236379 , 173 , 6
393965 , 173 , 6
551551 , 174 , 6
56202 , 178 , 6
93670 , 178 , 6
140505 , 178 , 6
131138 , 179 , 6
196707 , 179 , 6
327845 , 179 , 6
206074 , 181 , 6
309111 , 181 , 6
515185 , 181 , 6
721259 , 182 , 6
243542 , 185 , 6
365313 , 185 , 6
608855 , 185 , 6
852397 , 186 , 6
1339481 , 188 , 6
20010 , 195 , 6
28014 , 196 , 6
46690 , 196 , 6
70035 , 196 , 6
44022 , 198 , 6
73370 , 198 , 6
110055 , 198 , 6
102718 , 199 , 6
154077 , 199 , 6
256795 , 199 , 6
52026 , 202 , 6
86710 , 202 , 6
130065 , 202 , 6
121394 , 203 , 6
182091 , 203 , 6
303485 , 203 , 6
190762 , 205 , 6
286143 , 205 , 6
476905 , 205 , 6
667667 , 206 , 6
68034 , 210 , 6
113390 , 210 , 6
170085 , 210 , 6
158746 , 211 , 6
238119 , 211 , 6
396865 , 211 , 6
249458 , 213 , 6
374187 , 213 , 6
623645 , 213 , 6
873103 , 214 , 6
294814 , 217 , 6
442221 , 217 , 6
737035 , 217 , 6
1031849 , 218 , 6
1621477 , 220 , 6
76038 , 226 , 6
126730 , 226 , 6
190095 , 226 , 6
177422 , 227 , 6
266133 , 227 , 6
443555 , 227 , 6
278806 , 229 , 6
418209 , 229 , 6
697015 , 229 , 6
975821 , 230 , 6
329498 , 233 , 6
494247 , 233 , 6
823745 , 233 , 6
1153243 , 234 , 6
1812239 , 236 , 6
430882 , 241 , 6
646323 , 241 , 6
1077205 , 241 , 6
1508087 , 242 , 6
2369851 , 244 , 6
2800733 , 248 , 6
6510 , 261 , 6
10230 , 263 , 6
14322 , 264 , 6
23870 , 264 , 6
35805 , 264 , 6
12090 , 267 , 6
16926 , 268 , 6
28210 , 268 , 6
42315 , 268 , 6
26598 , 270 , 6
44330 , 270 , 6
66495 , 270 , 6
62062 , 271 , 6
93093 , 271 , 6
155155 , 271 , 6
15810 , 275 , 6
22134 , 276 , 6
36890 , 276 , 6
55335 , 276 , 6
34782 , 278 , 6
57970 , 278 , 6
86955 , 278 , 6
81158 , 279 , 6
121737 , 279 , 6
202895 , 279 , 6
41106 , 282 , 6
68510 , 282 , 6
102765 , 282 , 6
95914 , 283 , 6
143871 , 283 , 6
239785 , 283 , 6
150722 , 285 , 6
226083 , 285 , 6
376805 , 285 , 6
527527 , 286 , 6
17670 , 291 , 6
24738 , 292 , 6
41230 , 292 , 6
61845 , 292 , 6
38874 , 294 , 6
64790 , 294 , 6
97185 , 294 , 6
90706 , 295 , 6
136059 , 295 , 6
226765 , 295 , 6
45942 , 298 , 6
76570 , 298 , 6
114855 , 298 , 6
107198 , 299 , 6
160797 , 299 , 6
267995 , 299 , 6
168454 , 301 , 6
252681 , 301 , 6
421135 , 301 , 6
589589 , 302 , 6
60078 , 306 , 6
100130 , 306 , 6
150195 , 306 , 6
140182 , 307 , 6
210273 , 307 , 6
350455 , 307 , 6
220286 , 309 , 6
330429 , 309 , 6
550715 , 309 , 6
771001 , 310 , 6
260338 , 313 , 6
390507 , 313 , 6
650845 , 313 , 6
911183 , 314 , 6
1431859 , 316 , 6
21390 , 323 , 6
29946 , 324 , 6
49910 , 324 , 6
74865 , 324 , 6
47058 , 326 , 6
78430 , 326 , 6
117645 , 326 , 6
109802 , 327 , 6
164703 , 327 , 6
274505 , 327 , 6
55614 , 330 , 6
92690 , 330 , 6
139035 , 330 , 6
129766 , 331 , 6
194649 , 331 , 6
324415 , 331 , 6
203918 , 333 , 6
305877 , 333 , 6
509795 , 333 , 6
713713 , 334 , 6
72726 , 338 , 6
121210 , 338 , 6
181815 , 338 , 6
169694 , 339 , 6
254541 , 339 , 6
424235 , 339 , 6
266662 , 341 , 6
399993 , 341 , 6
666655 , 341 , 6
933317 , 342 , 6
315146 , 345 , 6
472719 , 345 , 6
787865 , 345 , 6
1103011 , 346 , 6
1733303 , 348 , 6
81282 , 354 , 6
135470 , 354 , 6
203205 , 354 , 6
189658 , 355 , 6
284487 , 355 , 6
474145 , 355 , 6
298034 , 357 , 6
447051 , 357 , 6
745085 , 357 , 6
1043119 , 358 , 6
352222 , 361 , 6
528333 , 361 , 6
880555 , 361 , 6
1232777 , 362 , 6
1937221 , 364 , 6
460598 , 369 , 6
690897 , 369 , 6
1151495 , 369 , 6
1612093 , 370 , 6
2533289 , 372 , 6
2993887 , 376 , 6
26970 , 387 , 6
37758 , 388 , 6
62930 , 388 , 6
94395 , 388 , 6
59334 , 390 , 6
98890 , 390 , 6
148335 , 390 , 6
138446 , 391 , 6
207669 , 391 , 6
346115 , 391 , 6
70122 , 394 , 6
116870 , 394 , 6
175305 , 394 , 6
163618 , 395 , 6
245427 , 395 , 6
409045 , 395 , 6
257114 , 397 , 6
385671 , 397 , 6
642785 , 397 , 6
899899 , 398 , 6
91698 , 402 , 6
152830 , 402 , 6
229245 , 402 , 6
213962 , 403 , 6
320943 , 403 , 6
534905 , 403 , 6
336226 , 405 , 6
504339 , 405 , 6
840565 , 405 , 6
1176791 , 406 , 6
397358 , 409 , 6
596037 , 409 , 6
993395 , 409 , 6
1390753 , 410 , 6
2185469 , 412 , 6
102486 , 418 , 6
170810 , 418 , 6
256215 , 418 , 6
239134 , 419 , 6
358701 , 419 , 6
597835 , 419 , 6
375782 , 421 , 6
563673 , 421 , 6
939455 , 421 , 6
1315237 , 422 , 6
444106 , 425 , 6
666159 , 425 , 6
1110265 , 425 , 6
1554371 , 426 , 6
2442583 , 428 , 6
580754 , 433 , 6
871131 , 433 , 6
1451885 , 433 , 6
2032639 , 434 , 6
3194147 , 436 , 6
3774901 , 440 , 6
124062 , 450 , 6
206770 , 450 , 6
310155 , 450 , 6
289478 , 451 , 6
434217 , 451 , 6
723695 , 451 , 6
454894 , 453 , 6
682341 , 453 , 6
1137235 , 453 , 6
1592129 , 454 , 6
537602 , 457 , 6
806403 , 457 , 6
1344005 , 457 , 6
1881607 , 458 , 6
2956811 , 460 , 6
703018 , 465 , 6
1054527 , 465 , 6
1757545 , 465 , 6
2460563 , 466 , 6
3866599 , 468 , 6
4569617 , 472 , 6
785726 , 481 , 6
1178589 , 481 , 6
1964315 , 481 , 6
2750041 , 482 , 6
4321493 , 484 , 6
5107219 , 488 , 6
6678671 , 496 , 6
7770 , 517 , 6
12210 , 519 , 6
17094 , 520 , 6
28490 , 520 , 6
42735 , 520 , 6
14430 , 523 , 6
20202 , 524 , 6
33670 , 524 , 6
50505 , 524 , 6
31746 , 526 , 6
52910 , 526 , 6
79365 , 526 , 6
74074 , 527 , 6
111111 , 527 , 6
185185 , 527 , 6
18870 , 531 , 6
26418 , 532 , 6
44030 , 532 , 6
66045 , 532 , 6
41514 , 534 , 6
69190 , 534 , 6
103785 , 534 , 6
96866 , 535 , 6
145299 , 535 , 6
242165 , 535 , 6
49062 , 538 , 6
81770 , 538 , 6
122655 , 538 , 6
114478 , 539 , 6
171717 , 539 , 6
286195 , 539 , 6
179894 , 541 , 6
269841 , 541 , 6
449735 , 541 , 6
629629 , 542 , 6
21090 , 547 , 6
29526 , 548 , 6
49210 , 548 , 6
73815 , 548 , 6
46398 , 550 , 6
77330 , 550 , 6
115995 , 550 , 6
108262 , 551 , 6
162393 , 551 , 6
270655 , 551 , 6
54834 , 554 , 6
91390 , 554 , 6
137085 , 554 , 6
127946 , 555 , 6
191919 , 555 , 6
319865 , 555 , 6
201058 , 557 , 6
301587 , 557 , 6
502645 , 557 , 6
703703 , 558 , 6
71706 , 562 , 6
119510 , 562 , 6
179265 , 562 , 6
167314 , 563 , 6
250971 , 563 , 6
418285 , 563 , 6
262922 , 565 , 6
394383 , 565 , 6
657305 , 565 , 6
920227 , 566 , 6
310726 , 569 , 6
466089 , 569 , 6
776815 , 569 , 6
1087541 , 570 , 6
1708993 , 572 , 6
25530 , 579 , 6
35742 , 580 , 6
59570 , 580 , 6
89355 , 580 , 6
56166 , 582 , 6
93610 , 582 , 6
140415 , 582 , 6
131054 , 583 , 6
196581 , 583 , 6
327635 , 583 , 6
66378 , 586 , 6
110630 , 586 , 6
165945 , 586 , 6
154882 , 587 , 6
232323 , 587 , 6
387205 , 587 , 6
243386 , 589 , 6
365079 , 589 , 6
608465 , 589 , 6
851851 , 590 , 6
86802 , 594 , 6
144670 , 594 , 6
217005 , 594 , 6
202538 , 595 , 6
303807 , 595 , 6
506345 , 595 , 6
318274 , 597 , 6
477411 , 597 , 6
795685 , 597 , 6
1113959 , 598 , 6
376142 , 601 , 6
564213 , 601 , 6
940355 , 601 , 6
1316497 , 602 , 6
2068781 , 604 , 6
97014 , 610 , 6
161690 , 610 , 6
242535 , 610 , 6
226366 , 611 , 6
339549 , 611 , 6
565915 , 611 , 6
355718 , 613 , 6
533577 , 613 , 6
889295 , 613 , 6
1245013 , 614 , 6
420394 , 617 , 6
630591 , 617 , 6
1050985 , 617 , 6
1471379 , 618 , 6
2312167 , 620 , 6
549746 , 625 , 6
824619 , 625 , 6
1374365 , 625 , 6
1924111 , 626 , 6
3023603 , 628 , 6
3573349 , 632 , 6
32190 , 643 , 6
45066 , 644 , 6
75110 , 644 , 6
112665 , 644 , 6
70818 , 646 , 6
118030 , 646 , 6
177045 , 646 , 6
165242 , 647 , 6
247863 , 647 , 6
413105 , 647 , 6
83694 , 650 , 6
139490 , 650 , 6
209235 , 650 , 6
195286 , 651 , 6
292929 , 651 , 6
488215 , 651 , 6
306878 , 653 , 6
460317 , 653 , 6
767195 , 653 , 6
1074073 , 654 , 6
109446 , 658 , 6
182410 , 658 , 6
273615 , 658 , 6
255374 , 659 , 6
383061 , 659 , 6
638435 , 659 , 6
401302 , 661 , 6
601953 , 661 , 6
1003255 , 661 , 6
1404557 , 662 , 6
474266 , 665 , 6
711399 , 665 , 6
1185665 , 665 , 6
1659931 , 666 , 6
2608463 , 668 , 6
122322 , 674 , 6
203870 , 674 , 6
305805 , 674 , 6
285418 , 675 , 6
428127 , 675 , 6
713545 , 675 , 6
448514 , 677 , 6
672771 , 677 , 6
1121285 , 677 , 6
1569799 , 678 , 6
530062 , 681 , 6
795093 , 681 , 6
1325155 , 681 , 6
1855217 , 682 , 6
2915341 , 684 , 6
693158 , 689 , 6
1039737 , 689 , 6
1732895 , 689 , 6
2426053 , 690 , 6
3812369 , 692 , 6
4505527 , 696 , 6
148074 , 706 , 6
246790 , 706 , 6
370185 , 706 , 6
345506 , 707 , 6
518259 , 707 , 6
863765 , 707 , 6
542938 , 709 , 6
814407 , 709 , 6
1357345 , 709 , 6
1900283 , 710 , 6
641654 , 713 , 6
962481 , 713 , 6
1604135 , 713 , 6
2245789 , 714 , 6
3529097 , 716 , 6
839086 , 721 , 6
1258629 , 721 , 6
2097715 , 721 , 6
2936801 , 722 , 6
4614973 , 724 , 6
5454059 , 728 , 6
937802 , 737 , 6
1406703 , 737 , 6
2344505 , 737 , 6
3282307 , 738 , 6
5157911 , 740 , 6
6095713 , 744 , 6
7971317 , 752 , 6
34410 , 771 , 6
48174 , 772 , 6
80290 , 772 , 6
120435 , 772 , 6
75702 , 774 , 6
126170 , 774 , 6
189255 , 774 , 6
176638 , 775 , 6
264957 , 775 , 6
441595 , 775 , 6
89466 , 778 , 6
149110 , 778 , 6
223665 , 778 , 6
208754 , 779 , 6
313131 , 779 , 6
521885 , 779 , 6
328042 , 781 , 6
492063 , 781 , 6
820105 , 781 , 6
1148147 , 782 , 6
116994 , 786 , 6
194990 , 786 , 6
292485 , 786 , 6
272986 , 787 , 6
409479 , 787 , 6
682465 , 787 , 6
428978 , 789 , 6
643467 , 789 , 6
1072445 , 789 , 6
1501423 , 790 , 6
506974 , 793 , 6
760461 , 793 , 6
1267435 , 793 , 6
1774409 , 794 , 6
2788357 , 796 , 6
130758 , 802 , 6
217930 , 802 , 6
326895 , 802 , 6
305102 , 803 , 6
457653 , 803 , 6
762755 , 803 , 6
479446 , 805 , 6
719169 , 805 , 6
1198615 , 805 , 6
1678061 , 806 , 6
566618 , 809 , 6
849927 , 809 , 6
1416545 , 809 , 6
1983163 , 810 , 6
3116399 , 812 , 6
740962 , 817 , 6
1111443 , 817 , 6
1852405 , 817 , 6
2593367 , 818 , 6
4075291 , 820 , 6
4816253 , 824 , 6
158286 , 834 , 6
263810 , 834 , 6
395715 , 834 , 6
369334 , 835 , 6
554001 , 835 , 6
923335 , 835 , 6
580382 , 837 , 6
870573 , 837 , 6
1450955 , 837 , 6
2031337 , 838 , 6
685906 , 841 , 6
1028859 , 841 , 6
1714765 , 841 , 6
2400671 , 842 , 6
3772483 , 844 , 6
896954 , 849 , 6
1345431 , 849 , 6
2242385 , 849 , 6
3139339 , 850 , 6
4933247 , 852 , 6
5830201 , 856 , 6
1002478 , 865 , 6
1503717 , 865 , 6
2506195 , 865 , 6
3508673 , 866 , 6
5513629 , 868 , 6
6516107 , 872 , 6
8521063 , 880 , 6
199578 , 898 , 6
332630 , 898 , 6
498945 , 898 , 6
465682 , 899 , 6
698523 , 899 , 6
1164205 , 899 , 6
731786 , 901 , 6
1097679 , 901 , 6
1829465 , 901 , 6
2561251 , 902 , 6
864838 , 905 , 6
1297257 , 905 , 6
2162095 , 905 , 6
3026933 , 906 , 6
4756609 , 908 , 6
1130942 , 913 , 6
1696413 , 913 , 6
2827355 , 913 , 6
3958297 , 914 , 6
6220181 , 916 , 6
7351123 , 920 , 6
1263994 , 929 , 6
1895991 , 929 , 6
3159985 , 929 , 6
4423979 , 930 , 6
6951967 , 932 , 6
8215961 , 936 , 6
10743949 , 944 , 6
1530098 , 961 , 6
2295147 , 961 , 6
3825245 , 961 , 6
5355343 , 962 , 6
8415539 , 964 , 6
9945637 , 968 , 6
13005833 , 976 , 6
14535931 , 992 , 6
8610 , 1029 , 6
13530 , 1031 , 6
18942 , 1032 , 6
31570 , 1032 , 6
47355 , 1032 , 6
15990 , 1035 , 6
22386 , 1036 , 6
37310 , 1036 , 6
55965 , 1036 , 6
35178 , 1038 , 6
58630 , 1038 , 6
87945 , 1038 , 6
82082 , 1039 , 6
123123 , 1039 , 6
205205 , 1039 , 6
20910 , 1043 , 6
29274 , 1044 , 6
48790 , 1044 , 6
73185 , 1044 , 6
46002 , 1046 , 6
76670 , 1046 , 6
115005 , 1046 , 6
107338 , 1047 , 6
161007 , 1047 , 6
268345 , 1047 , 6
54366 , 1050 , 6
90610 , 1050 , 6
135915 , 1050 , 6
126854 , 1051 , 6
190281 , 1051 , 6
317135 , 1051 , 6
199342 , 1053 , 6
299013 , 1053 , 6
498355 , 1053 , 6
697697 , 1054 , 6
23370 , 1059 , 6
32718 , 1060 , 6
54530 , 1060 , 6
81795 , 1060 , 6
51414 , 1062 , 6
85690 , 1062 , 6
128535 , 1062 , 6
119966 , 1063 , 6
179949 , 1063 , 6
299915 , 1063 , 6
60762 , 1066 , 6
101270 , 1066 , 6
151905 , 1066 , 6
141778 , 1067 , 6
212667 , 1067 , 6
354445 , 1067 , 6
222794 , 1069 , 6
334191 , 1069 , 6
556985 , 1069 , 6
779779 , 1070 , 6
79458 , 1074 , 6
132430 , 1074 , 6
198645 , 1074 , 6
185402 , 1075 , 6
278103 , 1075 , 6
463505 , 1075 , 6
291346 , 1077 , 6
437019 , 1077 , 6
728365 , 1077 , 6
1019711 , 1078 , 6
344318 , 1081 , 6
516477 , 1081 , 6
860795 , 1081 , 6
1205113 , 1082 , 6
1893749 , 1084 , 6
28290 , 1091 , 6
39606 , 1092 , 6
66010 , 1092 , 6
99015 , 1092 , 6
62238 , 1094 , 6
103730 , 1094 , 6
155595 , 1094 , 6
145222 , 1095 , 6
217833 , 1095 , 6
363055 , 1095 , 6
73554 , 1098 , 6
122590 , 1098 , 6
183885 , 1098 , 6
171626 , 1099 , 6
257439 , 1099 , 6
429065 , 1099 , 6
269698 , 1101 , 6
404547 , 1101 , 6
674245 , 1101 , 6
943943 , 1102 , 6
96186 , 1106 , 6
160310 , 1106 , 6
240465 , 1106 , 6
224434 , 1107 , 6
336651 , 1107 , 6
561085 , 1107 , 6
352682 , 1109 , 6
529023 , 1109 , 6
881705 , 1109 , 6
1234387 , 1110 , 6
416806 , 1113 , 6
625209 , 1113 , 6
1042015 , 1113 , 6
1458821 , 1114 , 6
2292433 , 1116 , 6
107502 , 1122 , 6
179170 , 1122 , 6
268755 , 1122 , 6
250838 , 1123 , 6
376257 , 1123 , 6
627095 , 1123 , 6
394174 , 1125 , 6
591261 , 1125 , 6
985435 , 1125 , 6
1379609 , 1126 , 6
465842 , 1129 , 6
698763 , 1129 , 6
1164605 , 1129 , 6
1630447 , 1130 , 6
2562131 , 1132 , 6
609178 , 1137 , 6
913767 , 1137 , 6
1522945 , 1137 , 6
2132123 , 1138 , 6
3350479 , 1140 , 6
3959657 , 1144 , 6
35670 , 1155 , 6
49938 , 1156 , 6
83230 , 1156 , 6
124845 , 1156 , 6
78474 , 1158 , 6
130790 , 1158 , 6
196185 , 1158 , 6
183106 , 1159 , 6
274659 , 1159 , 6
457765 , 1159 , 6
92742 , 1162 , 6
154570 , 1162 , 6
231855 , 1162 , 6
216398 , 1163 , 6
324597 , 1163 , 6
540995 , 1163 , 6
340054 , 1165 , 6
510081 , 1165 , 6
850135 , 1165 , 6
1190189 , 1166 , 6
121278 , 1170 , 6
202130 , 1170 , 6
303195 , 1170 , 6
282982 , 1171 , 6
424473 , 1171 , 6
707455 , 1171 , 6
444686 , 1173 , 6
667029 , 1173 , 6
1111715 , 1173 , 6
1556401 , 1174 , 6
525538 , 1177 , 6
788307 , 1177 , 6
1313845 , 1177 , 6
1839383 , 1178 , 6
2890459 , 1180 , 6
135546 , 1186 , 6
225910 , 1186 , 6
338865 , 1186 , 6
316274 , 1187 , 6
474411 , 1187 , 6
790685 , 1187 , 6
497002 , 1189 , 6
745503 , 1189 , 6
1242505 , 1189 , 6
1739507 , 1190 , 6
587366 , 1193 , 6
881049 , 1193 , 6
1468415 , 1193 , 6
2055781 , 1194 , 6
3230513 , 1196 , 6
768094 , 1201 , 6
1152141 , 1201 , 6
1920235 , 1201 , 6
2688329 , 1202 , 6
4224517 , 1204 , 6
4992611 , 1208 , 6
164082 , 1218 , 6
273470 , 1218 , 6
410205 , 1218 , 6
382858 , 1219 , 6
574287 , 1219 , 6
957145 , 1219 , 6
601634 , 1221 , 6
902451 , 1221 , 6
1504085 , 1221 , 6
2105719 , 1222 , 6
711022 , 1225 , 6
1066533 , 1225 , 6
1777555 , 1225 , 6
2488577 , 1226 , 6
3910621 , 1228 , 6
929798 , 1233 , 6
1394697 , 1233 , 6
2324495 , 1233 , 6
3254293 , 1234 , 6
5113889 , 1236 , 6
6043687 , 1240 , 6
1039186 , 1249 , 6
1558779 , 1249 , 6
2597965 , 1249 , 6
3637151 , 1250 , 6
5715523 , 1252 , 6
6754709 , 1256 , 6
8833081 , 1264 , 6
38130 , 1283 , 6
53382 , 1284 , 6
88970 , 1284 , 6
133455 , 1284 , 6
83886 , 1286 , 6
139810 , 1286 , 6
209715 , 1286 , 6
195734 , 1287 , 6
293601 , 1287 , 6
489335 , 1287 , 6
99138 , 1290 , 6
165230 , 1290 , 6
247845 , 1290 , 6
231322 , 1291 , 6
346983 , 1291 , 6
578305 , 1291 , 6
363506 , 1293 , 6
545259 , 1293 , 6
908765 , 1293 , 6
1272271 , 1294 , 6
129642 , 1298 , 6
216070 , 1298 , 6
324105 , 1298 , 6
302498 , 1299 , 6
453747 , 1299 , 6
756245 , 1299 , 6
475354 , 1301 , 6
713031 , 1301 , 6
1188385 , 1301 , 6
1663739 , 1302 , 6
561782 , 1305 , 6
842673 , 1305 , 6
1404455 , 1305 , 6
1966237 , 1306 , 6
3089801 , 1308 , 6
144894 , 1314 , 6
241490 , 1314 , 6
362235 , 1314 , 6
338086 , 1315 , 6
507129 , 1315 , 6
845215 , 1315 , 6
531278 , 1317 , 6
796917 , 1317 , 6
1328195 , 1317 , 6
1859473 , 1318 , 6
627874 , 1321 , 6
941811 , 1321 , 6
1569685 , 1321 , 6
2197559 , 1322 , 6
3453307 , 1324 , 6
821066 , 1329 , 6
1231599 , 1329 , 6
2052665 , 1329 , 6
2873731 , 1330 , 6
4515863 , 1332 , 6
5336929 , 1336 , 6
175398 , 1346 , 6
292330 , 1346 , 6
438495 , 1346 , 6
409262 , 1347 , 6
613893 , 1347 , 6
1023155 , 1347 , 6
643126 , 1349 , 6
964689 , 1349 , 6
1607815 , 1349 , 6
2250941 , 1350 , 6
760058 , 1353 , 6
1140087 , 1353 , 6
1900145 , 1353 , 6
2660203 , 1354 , 6
4180319 , 1356 , 6
993922 , 1361 , 6
1490883 , 1361 , 6
2484805 , 1361 , 6
3478727 , 1362 , 6
5466571 , 1364 , 6
6460493 , 1368 , 6
1110854 , 1377 , 6
1666281 , 1377 , 6
2777135 , 1377 , 6
3887989 , 1378 , 6
6109697 , 1380 , 6
7220551 , 1384 , 6
9442259 , 1392 , 6
221154 , 1410 , 6
368590 , 1410 , 6
552885 , 1410 , 6
516026 , 1411 , 6
774039 , 1411 , 6
1290065 , 1411 , 6
810898 , 1413 , 6
1216347 , 1413 , 6
2027245 , 1413 , 6
2838143 , 1414 , 6
958334 , 1417 , 6
1437501 , 1417 , 6
2395835 , 1417 , 6
3354169 , 1418 , 6
5270837 , 1420 , 6
1253206 , 1425 , 6
1879809 , 1425 , 6
3133015 , 1425 , 6
4386221 , 1426 , 6
6892633 , 1428 , 6
8145839 , 1432 , 6
1400642 , 1441 , 6
2100963 , 1441 , 6
3501605 , 1441 , 6
4902247 , 1442 , 6
7703531 , 1444 , 6
9104173 , 1448 , 6
11905457 , 1456 , 6
1695514 , 1473 , 6
2543271 , 1473 , 6
4238785 , 1473 , 6
5934299 , 1474 , 6
9325327 , 1476 , 6
11020841 , 1480 , 6
14411869 , 1488 , 6
16107383 , 1504 , 6
45510 , 1539 , 6
63714 , 1540 , 6
106190 , 1540 , 6
159285 , 1540 , 6
100122 , 1542 , 6
166870 , 1542 , 6
250305 , 1542 , 6
233618 , 1543 , 6
350427 , 1543 , 6
584045 , 1543 , 6
118326 , 1546 , 6
197210 , 1546 , 6
295815 , 1546 , 6
276094 , 1547 , 6
414141 , 1547 , 6
690235 , 1547 , 6
433862 , 1549 , 6
650793 , 1549 , 6
1084655 , 1549 , 6
1518517 , 1550 , 6
154734 , 1554 , 6
257890 , 1554 , 6
386835 , 1554 , 6
361046 , 1555 , 6
541569 , 1555 , 6
902615 , 1555 , 6
567358 , 1557 , 6
851037 , 1557 , 6
1418395 , 1557 , 6
1985753 , 1558 , 6
670514 , 1561 , 6
1005771 , 1561 , 6
1676285 , 1561 , 6
2346799 , 1562 , 6
3687827 , 1564 , 6
172938 , 1570 , 6
288230 , 1570 , 6
432345 , 1570 , 6
403522 , 1571 , 6
605283 , 1571 , 6
1008805 , 1571 , 6
634106 , 1573 , 6
951159 , 1573 , 6
1585265 , 1573 , 6
2219371 , 1574 , 6
749398 , 1577 , 6
1124097 , 1577 , 6
1873495 , 1577 , 6
2622893 , 1578 , 6
4121689 , 1580 , 6
979982 , 1585 , 6
1469973 , 1585 , 6
2449955 , 1585 , 6
3429937 , 1586 , 6
5389901 , 1588 , 6
6369883 , 1592 , 6
209346 , 1602 , 6
348910 , 1602 , 6
523365 , 1602 , 6
488474 , 1603 , 6
732711 , 1603 , 6
1221185 , 1603 , 6
767602 , 1605 , 6
1151403 , 1605 , 6
1919005 , 1605 , 6
2686607 , 1606 , 6
907166 , 1609 , 6
1360749 , 1609 , 6
2267915 , 1609 , 6
3175081 , 1610 , 6
4989413 , 1612 , 6
1186294 , 1617 , 6
1779441 , 1617 , 6
2965735 , 1617 , 6
4152029 , 1618 , 6
6524617 , 1620 , 6
7710911 , 1624 , 6
1325858 , 1633 , 6
1988787 , 1633 , 6
3314645 , 1633 , 6
4640503 , 1634 , 6
7292219 , 1636 , 6
8618077 , 1640 , 6
11269793 , 1648 , 6
263958 , 1666 , 6
439930 , 1666 , 6
659895 , 1666 , 6
615902 , 1667 , 6
923853 , 1667 , 6
1539755 , 1667 , 6
967846 , 1669 , 6
1451769 , 1669 , 6
2419615 , 1669 , 6
3387461 , 1670 , 6
1143818 , 1673 , 6
1715727 , 1673 , 6
2859545 , 1673 , 6
4003363 , 1674 , 6
6290999 , 1676 , 6
1495762 , 1681 , 6
2243643 , 1681 , 6
3739405 , 1681 , 6
5235167 , 1682 , 6
8226691 , 1684 , 6
9722453 , 1688 , 6
1671734 , 1697 , 6
2507601 , 1697 , 6
4179335 , 1697 , 6
5851069 , 1698 , 6
9194537 , 1700 , 6
10866271 , 1704 , 6
14209739 , 1712 , 6
2023678 , 1729 , 6
3035517 , 1729 , 6
5059195 , 1729 , 6
7082873 , 1730 , 6
11130229 , 1732 , 6
13153907 , 1736 , 6
17201263 , 1744 , 6
19224941 , 1760 , 6
282162 , 1794 , 6
470270 , 1794 , 6
705405 , 1794 , 6
658378 , 1795 , 6
987567 , 1795 , 6
1645945 , 1795 , 6
1034594 , 1797 , 6
1551891 , 1797 , 6
2586485 , 1797 , 6
3621079 , 1798 , 6
1222702 , 1801 , 6
1834053 , 1801 , 6
3056755 , 1801 , 6
4279457 , 1802 , 6
6724861 , 1804 , 6
1598918 , 1809 , 6
2398377 , 1809 , 6
3997295 , 1809 , 6
5596213 , 1810 , 6
8794049 , 1812 , 6
10392967 , 1816 , 6
1787026 , 1825 , 6
2680539 , 1825 , 6
4467565 , 1825 , 6
6254591 , 1826 , 6
9828643 , 1828 , 6
11615669 , 1832 , 6
15189721 , 1840 , 6
2163242 , 1857 , 6
3244863 , 1857 , 6
5408105 , 1857 , 6
7571347 , 1858 , 6
11897831 , 1860 , 6
14061073 , 1864 , 6
18387557 , 1872 , 6
20550799 , 1888 , 6
2727566 , 1921 , 6
4091349 , 1921 , 6
6818915 , 1921 , 6
9546481 , 1922 , 6
15001613 , 1924 , 6
17729179 , 1928 , 6
23184311 , 1936 , 6
25911877 , 1952 , 6
31367009 , 1984 , 6
