//++//++// CHECKPOINT a == 1 //++//++//
//++//++// CHECKPOINT a == 2 //++//++//
//++//++// CHECKPOINT a == 3 //++//++//
//++//++// CHECKPOINT a == 4 //++//++//
//++//++// CHECKPOINT a == 5 //++//++//
//++//++// CHECKPOINT a == 6 //++//++//
510510 , 8 , 9
//++//++// CHECKPOINT a == 7 //++//++//
570570 , 7 , 9
746130 , 6 , 9
1939938 , 9 , 9
3233230 , 9 , 9
4849845 , 9 , 9
//++//++// CHECKPOINT a == 8 //++//++//
690690 , 7 , 9
903210 , 6 , 9
3913910 , 8 , 9
5870865 , 8 , 9
1009470 , 6 , 9
6561555 , 7 , 9
6374082 , 10 , 9
10623470 , 10 , 9
15935205 , 10 , 9
14872858 , 10 , 9
22309287 , 10 , 9
37182145 , 10 , 9
//++//++// CHECKPOINT a == 9 //++//++//
870870 , 7 , 9
1138830 , 6 , 9
4934930 , 8 , 9
7402395 , 8 , 9
1272810 , 6 , 9
8273265 , 7 , 9
18752734 , 9 , 9
28129101 , 9 , 9
46881835 , 9 , 9
1540770 , 6 , 9
10015005 , 7 , 9
56751695 , 8 , 9
16804398 , 11 , 9
28007330 , 11 , 9
42010995 , 11 , 9
39210262 , 11 , 9
58815393 , 11 , 9
98025655 , 11 , 9
61616126 , 11 , 9
92424189 , 11 , 9
154040315 , 11 , 9
215656441 , 11 , 9
//++//++// CHECKPOINT a == 10 //++//++//
930930 , 7 , 9
1217370 , 6 , 9
5275270 , 8 , 9
7912905 , 8 , 9
1360590 , 6 , 9
8843835 , 7 , 9
20046026 , 9 , 9
30069039 , 9 , 9
50115065 , 9 , 9
1647030 , 6 , 9
10705695 , 7 , 9
60665605 , 8 , 9
65865514 , 10 , 9
98798271 , 10 , 9
164663785 , 10 , 9
230529299 , 10 , 9
2076690 , 6 , 9
13498485 , 7 , 9
76491415 , 8 , 9
290667377 , 9 , 9
40072026 , 12 , 9
66786710 , 12 , 9
100180065 , 12 , 9
93501394 , 12 , 9
140252091 , 12 , 9
233753485 , 12 , 9
146930762 , 12 , 9
220396143 , 12 , 9
367326905 , 12 , 9
514257667 , 12 , 9
173645446 , 12 , 9
260468169 , 12 , 9
434113615 , 12 , 9
607759061 , 12 , 9
955049953 , 12 , 9
//++//++// CHECKPOINT a == 11 //++//++//
1111110 , 7 , 9
1452990 , 6 , 9
6296290 , 8 , 9
9444435 , 8 , 9
1623930 , 6 , 9
10555545 , 7 , 9
23925902 , 9 , 9
35888853 , 9 , 9
59814755 , 9 , 9
1965810 , 6 , 9
12777765 , 7 , 9
72407335 , 8 , 9
78613678 , 10 , 9
117920517 , 10 , 9
196534195 , 10 , 9
275147873 , 10 , 9
2478630 , 6 , 9
16111095 , 7 , 9
91296205 , 8 , 9
346925579 , 9 , 9
207254242 , 11 , 9
310881363 , 11 , 9
518135605 , 11 , 9
725389847 , 11 , 9
1139898331 , 11 , 9
2649570 , 6 , 9
17222205 , 7 , 9
97592495 , 8 , 9
370851481 , 9 , 9
1218512009 , 10 , 9
87215586 , 13 , 9
145359310 , 13 , 9
218038965 , 13 , 9
203503034 , 13 , 9
305254551 , 13 , 9
508757585 , 13 , 9
319790482 , 13 , 9
479685723 , 13 , 9
799476205 , 13 , 9
1119266687 , 13 , 9
377934206 , 13 , 9
566901309 , 13 , 9
944835515 , 13 , 9
1322769721 , 13 , 9
2078638133 , 13 , 9
494221654 , 13 , 9
741332481 , 13 , 9
1235554135 , 13 , 9
1729775789 , 13 , 9
2718219097 , 13 , 9
3212440751 , 13 , 9
//++//++// CHECKPOINT a == 12 //++//++//
1231230 , 7 , 9
1610070 , 6 , 9
1902810 , 5 , 9
6976970 , 8 , 9
10465455 , 8 , 9
1799490 , 6 , 9
2126670 , 5 , 9
11696685 , 7 , 9
2781030 , 5 , 9
26512486 , 9 , 9
39768729 , 9 , 9
66281215 , 9 , 9
2178330 , 6 , 9
2574390 , 5 , 9
14159145 , 7 , 9
3366510 , 5 , 9
80235155 , 8 , 9
3762570 , 5 , 9
87112454 , 10 , 9
130668681 , 10 , 9
217781135 , 10 , 9
304893589 , 10 , 9
2746590 , 6 , 9
3245970 , 5 , 9
17852835 , 7 , 9
4244730 , 5 , 9
101166065 , 8 , 9
4744110 , 5 , 9
384431047 , 9 , 9
5742870 , 5 , 9
229660106 , 11 , 9
344490159 , 11 , 9
574150265 , 11 , 9
803810371 , 11 , 9
1263130583 , 11 , 9
2936010 , 6 , 9
3469830 , 5 , 9
19084065 , 7 , 9
4537470 , 5 , 9
108143035 , 8 , 9
5071290 , 5 , 9
410943533 , 9 , 9
6138930 , 5 , 9
1350243037 , 10 , 9
7740390 , 5 , 9
547651022 , 12 , 9
821476533 , 12 , 9
1369127555 , 12 , 9
1916778577 , 12 , 9
3012080621 , 12 , 9
3559731643 , 12 , 9
3504270 , 6 , 9
4141410 , 5 , 9
22777755 , 7 , 9
5415690 , 5 , 9
129073945 , 8 , 9
6052830 , 5 , 9
490480991 , 9 , 9
7327110 , 5 , 9
1611580399 , 10 , 9
9238530 , 5 , 9
4248711961 , 11 , 9
9875670 , 5 , 9
188202054 , 14 , 10
313670090 , 14 , 10
470505135 , 14 , 10
439138126 , 14 , 10
658707189 , 14 , 10
1097845315 , 14 , 10
690074198 , 14 , 10
1035111297 , 14 , 10
1725185495 , 14 , 10
2415259693 , 14 , 10
815542234 , 14 , 10
1223313351 , 14 , 10
2038855585 , 14 , 10
2854397819 , 14 , 10
4485482287 , 14 , 10
1066478306 , 14 , 10
1599717459 , 14 , 10
2666195765 , 14 , 10
3732674071 , 14 , 10
5865630683 , 14 , 10
6932108989 , 14 , 10
1191946342 , 14 , 10
1787919513 , 14 , 10
2979865855 , 14 , 10
4171812197 , 14 , 10
6555704881 , 14 , 10
7747651223 , 14 , 10
10131543907 , 14 , 10
//++//++// CHECKPOINT a == 13 //++//++//
30030 , 7 , 9
39270 , 6 , 9
170170 , 8 , 9
255255 , 8 , 9
43890 , 6 , 9
285285 , 7 , 9
646646 , 9 , 9
969969 , 9 , 9
1616615 , 9 , 9
53130 , 6 , 9
345345 , 7 , 9
1956955 , 8 , 9
2124694 , 10 , 9
3187041 , 10 , 9
5311735 , 10 , 9
7436429 , 10 , 9
66990 , 6 , 9
435435 , 7 , 9
2467465 , 8 , 9
9376367 , 9 , 9
5601466 , 11 , 9
8402199 , 11 , 9
14003665 , 11 , 9
19605131 , 11 , 9
30808063 , 11 , 9
71610 , 6 , 9
465465 , 7 , 9
2637635 , 8 , 9
10023013 , 9 , 9
32932757 , 10 , 9
13357342 , 12 , 9
20036013 , 12 , 9
33393355 , 12 , 9
46750697 , 12 , 9
73465381 , 12 , 9
86822723 , 12 , 9
85470 , 6 , 9
555555 , 7 , 9
3148145 , 8 , 9
11962951 , 9 , 9
39306839 , 10 , 9
103627121 , 11 , 9
29071862 , 13 , 9
43607793 , 13 , 9
72679655 , 13 , 9
101751517 , 13 , 9
159895241 , 13 , 9
188967103 , 13 , 9
247110827 , 13 , 9
94710 , 6 , 9
111930 , 5 , 9
615615 , 7 , 9
146370 , 5 , 9
3488485 , 8 , 9
163590 , 5 , 9
13256243 , 9 , 9
198030 , 5 , 9
43556227 , 10 , 9
249690 , 5 , 9
114830053 , 11 , 9
266910 , 5 , 9
273825511 , 12 , 9
318570 , 5 , 9
62734018 , 14 , 10
94101027 , 14 , 10
156835045 , 14 , 10
219569063 , 14 , 10
345037099 , 14 , 10
407771117 , 14 , 10
533239153 , 14 , 10
595973171 , 14 , 10
//++//++// CHECKPOINT a == 14 //++//++//
2310 , 6 , 9
15015 , 7 , 9
85085 , 8 , 9
323323 , 9 , 9
1062347 , 10 , 9
2800733 , 11 , 9
6678671 , 12 , 9
14535931 , 13 , 9
8610 , 5 , 9
31367009 , 14 , 10
//++//++// CHECKPOINT a == 15 //++//++//
//++//++// CHECKPOINT a == 16 //++//++//
//++//++// CHECKPOINT a == 17 //++//++//
//++//++// CHECKPOINT a == 18 //++//++//
//++//++// CHECKPOINT a == 19 //++//++//
//++//++// CHECKPOINT a == 20 //++//++//
//++//++// CHECKPOINT a == 21 //++//++//
//++//++// CHECKPOINT a == 22 //++//++//
//++//++// CHECKPOINT a == 23 //++//++//
//++//++// CHECKPOINT a == 24 //++//++//
//++//++// CHECKPOINT a == 25 //++//++//
//++//++// CHECKPOINT a == 26 //++//++//
//++//++// CHECKPOINT a == 27 //++//++//
//++//++// CHECKPOINT a == 28 //++//++//
//++//++// CHECKPOINT a == 29 //++//++//
//++//++// CHECKPOINT a == 30 //++//++//
//++//++// CHECKPOINT a == 31 //++//++//
//++//++// CHECKPOINT a == 32 //++//++//
//++//++// CHECKPOINT a == 33 //++//++//
//++//++// CHECKPOINT a == 34 //++//++//
//++//++// CHECKPOINT a == 35 //++//++//
//++//++// CHECKPOINT a == 36 //++//++//
//++//++// CHECKPOINT a == 37 //++//++//
//++//++// CHECKPOINT a == 38 //++//++//
//++//++// CHECKPOINT a == 39 //++//++//
//++//++// CHECKPOINT a == 40 //++//++//
//++//++// CHECKPOINT a == 41 //++//++//
//++//++// CHECKPOINT a == 42 //++//++//
//++//++// CHECKPOINT a == 43 //++//++//
//++//++// CHECKPOINT a == 44 //++//++//
//++//++// CHECKPOINT a == 45 //++//++//
//++//++// CHECKPOINT a == 46 //++//++//
//++//++// CHECKPOINT a == 47 //++//++//
//++//++// CHECKPOINT a == 48 //++//++//
//++//++// CHECKPOINT a == 49 //++//++//
//++//++// CHECKPOINT a == 50 //++//++//
//++//++// CHECKPOINT a == 51 //++//++//
//++//++// CHECKPOINT a == 52 //++//++//
